#####################################################
# (C) Songrun (songruner@gmail.com)
#
# Running time: 0.929 (s)
# Repeat      : 4
#
#####################################################
*BONEANIMATION, BONEINDEX=0, NFRAMES=4
0 1.000031 8.8e-05 9.5e-05 -3e-06 1.000073 0.000192 -0.000129 -0.00017 1.000095 9.3e-05 0.000128 -5.8e-05 0 0 0 1
1 1.000107 0.000181 0.000138 -0.000101 1.000065 0.000207 -0.000198 -0.000168 1.000123 6.4e-05 5.4e-05 -0.000366 0 0 0 1
2 0.772639 -0.349885 0.529942 0.469421 0.876697 -0.10569 -0.427671 0.330313 0.841517 0.171481 0.205421 -0.196843 0 0 0 1
3 0.747219 -0.465545 -0.474706 -0.259113 0.453713 -0.852894 0.612153 0.760073 0.218262 0.05094 0.294973 1.267453 0 0 0 1
#####################################################
*BONEANIMATION, BONEINDEX=1, NFRAMES=4
0 1.000153 0.00044 0.000473 -1.4e-05 1.000366 0.000959 -0.000646 -0.000853 1.000476 0.000468 0.000639 -0.000291 0 0 0 1
1 1.000091 0.000514 -0.000102 -0.000514 1.00021 0.000539 -0.000108 -0.000535 1.000101 -0.000117 0.000175 -0.001326 0 0 0 1
2 0.986443 -0.006499 0.164465 0.156009 0.355365 -0.922836 -0.052414 0.935846 0.351549 -0.051876 -0.145732 0.785778 0 0 0 1
3 1.000772 -0.019028 0.026541 0.019954 1.000616 0.013218 -0.02619 -0.013787 1.001001 0.003661 0.006595 -0.006902 0 0 0 1
#####################################################
*BONEANIMATION, BONEINDEX=2, NFRAMES=4
0 0.999883 -0.000337 -0.000363 1.1e-05 0.99972 -0.000735 0.000495 0.000653 0.999636 -0.000358 -0.00049 0.000223 0 0 0 1
1 0.600164 -0.353571 -0.717214 -0.009125 0.89383 -0.448255 0.799552 0.275945 0.533188 -0.394886 -0.084897 0.458305 0 0 0 1
2 1.000048 7e-05 -0.000151 -0.000137 1.000213 0.000291 9.9e-05 -0.000338 1.000221 -1.8e-05 3e-06 -0.000192 0 0 0 1
3 0.679878 0.308327 -0.665312 -0.538998 0.825371 -0.168204 0.497096 0.472999 0.727339 0.020419 -0.149396 0.220045 0 0 0 1
#####################################################
*BONEANIMATION, BONEINDEX=3, NFRAMES=4
0 0.893822 -0.305197 -0.328603 0.00996 0.745997 -0.665953 0.448359 0.591986 0.669822 -0.32472 -0.443669 0.202323 0 0 0 1
1 0.930019 -0.362915 0.058826 0.356916 0.852766 -0.381368 0.088224 0.375642 0.922609 0.074479 -0.122754 0.92832 0 0 0 1
2 1.000001 0.0 -1.2e-05 -1.2e-05 1.000048 6.9e-05 4e-06 -7e-05 1.000048 4e-06 1.1e-05 -5.9e-05 0 0 0 1
3 0.189754 0.174564 -0.966277 -0.834506 0.547226 -0.065091 0.517457 0.818638 0.24946 -0.283149 -0.303252 0.136478 0 0 0 1
#####################################################
*VERTEXWEIGHTS, NVERTICES=1538  #(vtx0Based bone0 w0 bone1 w1 ... )
0  0 0.0 1 7.5e-05 2 0.00013 3 0.999795
1  0 0.0 1 7.5e-05 2 0.000145 3 0.99978
2  0 0.0 1 7.5e-05 2 0.00013 3 0.999795
3  0 0.0 1 7.5e-05 2 0.000137 3 0.999788
4  0 0.999372 1 0.000125 2 0.000216 3 0.000287
5  0 0.999462 1 3.4e-05 2 0.000216 3 0.000287
6  0 0.999433 1 6.3e-05 2 0.000216 3 0.000287
7  0 0.999464 1 3.2e-05 2 0.000216 3 0.000287
8  0 0.000303 1 0.507576 2 0.491933 3 0.000188
9  0 0.999488 1 9e-06 2 0.000216 3 0.000287
10  0 0.000893 1 0.518917 2 0.479489 3 0.000701
11  0 0.0 1 7.5e-05 2 0.000159 3 0.999766
12  0 0.000667 1 0.534159 2 0.464818 3 0.000357
13  0 0.0 1 7.5e-05 2 0.000173 3 0.999752
14  0 0.0 1 7.5e-05 2 0.000261 3 0.999665
15  0 0.0 1 7.5e-05 2 0.000181 3 0.999744
16  0 0.0 1 7.5e-05 2 0.00018 3 0.999746
17  0 0.000308 1 0.530964 2 0.468481 3 0.000248
18  0 0.999497 1 0.0 2 0.000216 3 0.000287
19  0 0.000462 1 0.565144 2 0.43394 3 0.000454
20  0 0.999478 1 1.9e-05 2 0.000216 3 0.000287
21  0 0.999477 1 1.9e-05 2 0.000216 3 0.000287
22  0 0.99947 1 2.7e-05 2 0.000216 3 0.000287
23  0 0.000896 1 0.492549 2 0.506404 3 0.000151
24  0 0.002537 1 0.471868 2 0.525418 3 0.000177
25  0 0.000418 1 0.44455 2 0.555004 3 2.8e-05
26  0 7.6e-05 1 0.000188 2 0.389627 3 0.610109
27  0 0.000335 1 0.514227 2 0.485032 3 0.000406
28  0 7.8e-05 1 0.000163 2 0.403282 3 0.596477
29  0 0.999493 1 4e-06 2 0.000216 3 0.000287
30  0 0.657808 1 0.341377 2 0.000134 3 0.000681
31  0 0.648571 1 0.350606 2 0.000132 3 0.000691
32  0 0.649184 1 0.349994 2 0.000132 3 0.000691
33  0 0.999494 1 3e-06 2 0.000216 3 0.000287
34  0 0.625895 1 0.373261 2 0.000127 3 0.000717
35  0 0.0 1 7.5e-05 2 0.000131 3 0.999794
36  0 7.6e-05 1 0.000175 2 0.391308 3 0.608441
37  0 8.3e-05 1 0.000218 2 0.427611 3 0.572088
38  0 8.1e-05 1 0.000166 2 0.418068 3 0.581684
39  0 0.0 1 7.5e-05 2 0.00013 3 0.999795
40  0 0.000496 1 0.528271 2 0.470688 3 0.000545
41  0 0.650659 1 0.348519 2 0.000132 3 0.000689
42  0 0.0 1 7.5e-05 2 0.00015 3 0.999776
43  0 0.0 1 7.5e-05 2 0.000136 3 0.99979
44  0 0.0 1 7.5e-05 2 0.00013 3 0.999795
45  0 0.0 1 7.5e-05 2 0.000176 3 0.999749
46  0 0.0 1 7.5e-05 2 0.00013 3 0.999795
47  0 0.0 1 7.5e-05 2 0.00013 3 0.999795
48  0 0.0 1 7.5e-05 2 0.000134 3 0.999791
49  0 0.0 1 7.5e-05 2 0.000211 3 0.999714
50  0 0.0 1 7.5e-05 2 0.00013 3 0.999795
51  0 0.0 1 7.5e-05 2 0.000212 3 0.999713
52  0 0.0 1 7.5e-05 2 0.00013 3 0.999795
53  0 0.0 1 7.5e-05 2 0.000186 3 0.999739
54  0 0.0 1 7.5e-05 2 0.00013 3 0.999795
55  0 0.0 1 7.5e-05 2 0.00013 3 0.999795
56  0 7.9e-05 1 0.000213 2 0.407331 3 0.592378
57  0 0.000335 1 0.539302 2 0.460032 3 0.000331
58  0 0.999497 1 0.0 2 0.000216 3 0.000287
59  0 0.682073 1 0.31713 2 0.000144 3 0.000653
60  0 0.6585 1 0.340679 2 0.00014 3 0.00068
61  0 0.65959 1 0.339597 2 0.000135 3 0.000679
62  0 0.999496 1 1e-06 2 0.000216 3 0.000287
63  0 7.5e-05 1 0.000349 2 0.382541 3 0.617035
64  0 7.8e-05 1 0.000764 2 0.401751 3 0.597407
65  0 7.8e-05 1 0.000254 2 0.398308 3 0.60136
66  0 0.000314 1 0.560204 2 0.439159 3 0.000322
67  0 0.64173 1 0.35732 2 0.00025 3 0.000699
68  0 0.999436 1 6.1e-05 2 0.000216 3 0.000287
69  0 0.999492 1 5e-06 2 0.000216 3 0.000287
70  0 0.999466 1 3e-05 2 0.000216 3 0.000287
71  0 0.99948 1 1.7e-05 2 0.000216 3 0.000287
72  0 0.999497 1 0.0 2 0.000216 3 0.000287
73  0 0.999488 1 9e-06 2 0.000216 3 0.000287
74  0 0.999497 1 0.0 2 0.000216 3 0.000287
75  0 0.999497 1 0.0 2 0.000216 3 0.000287
76  0 0.999494 1 3e-06 2 0.000216 3 0.000287
77  0 0.999493 1 4e-06 2 0.000216 3 0.000287
78  0 0.999497 1 0.0 2 0.000216 3 0.000287
79  0 0.999479 1 1.8e-05 2 0.000216 3 0.000287
80  0 0.000641 1 0.515469 2 0.483681 3 0.000209
81  0 7.7e-05 1 0.000169 2 0.397771 3 0.601982
82  0 0.638011 1 0.361156 2 0.000129 3 0.000704
83  0 0.662242 1 0.336785 2 0.000298 3 0.000675
84  0 0.680434 1 0.318772 2 0.00014 3 0.000655
85  0 7.3e-05 1 0.000157 2 0.377047 3 0.622723
86  0 0.690631 1 0.308476 2 0.00025 3 0.000643
87  0 0.001762 1 0.464351 2 0.533693 3 0.000194
88  0 7.4e-05 1 0.000158 2 0.38137 3 0.618397
89  0 7.6e-05 1 0.000201 2 0.390567 3 0.609156
90  0 0.001472 1 0.472594 2 0.525748 3 0.000186
91  0 7.5e-05 1 0.000159 2 0.385238 3 0.614528
92  0 0.705872 1 0.292997 2 0.000504 3 0.000627
93  0 0.713202 1 0.285102 2 0.001077 3 0.00062
94  0 0.666152 1 0.332949 2 0.000225 3 0.000674
95  0 7.4e-05 1 0.000364 2 0.378783 3 0.620779
96  0 0.000308 1 0.530222 2 0.469225 3 0.000246
97  0 7.7e-05 1 0.000526 2 0.395988 3 0.603408
98  0 6e-06 1 8.1e-05 2 0.029304 3 0.970609
99  0 7.8e-05 1 0.000162 2 0.398632 3 0.601129
100  0 6e-06 1 8.1e-05 2 0.030146 3 0.969767
101  0 0.000303 1 0.507556 2 0.491908 3 0.000233
102  0 0.000187 1 0.023872 2 0.909228 3 0.066714
103  0 0.000186 1 0.015025 2 0.926677 3 0.058112
104  0 0.000187 1 0.032359 2 0.892795 3 0.07466
105  0 0.000406 1 0.521784 2 0.477041 3 0.000769
106  0 0.000187 1 0.033601 2 0.891337 3 0.074874
107  0 0.999472 1 2.4e-05 2 0.000216 3 0.000287
108  0 0.991329 1 0.00816 2 0.000214 3 0.000297
109  0 0.989779 1 0.009709 2 0.000214 3 0.000298
110  0 0.994975 1 0.004517 2 0.000215 3 0.000293
111  0 0.996146 1 0.003347 2 0.000215 3 0.000291
112  0 0.999497 1 0.0 2 0.000216 3 0.000287
113  0 0.656924 1 0.34226 2 0.000134 3 0.000682
114  0 0.074232 1 0.913441 2 0.011002 3 0.001325
115  0 0.080064 1 0.904733 2 0.013892 3 0.001311
116  0 0.07537 1 0.909938 2 0.013374 3 0.001317
117  0 0.990409 1 0.009078 2 0.000215 3 0.000298
118  0 0.657042 1 0.342138 2 0.000138 3 0.000682
119  0 0.084236 1 0.897654 2 0.016809 3 0.001302
120  0 0.096113 1 0.875209 2 0.027417 3 0.00126
121  0 0.999491 1 6e-06 2 0.000216 3 0.000287
122  0 0.984193 1 0.01529 2 0.000212 3 0.000305
123  0 0.97468 1 0.024794 2 0.00021 3 0.000316
124  0 0.978063 1 0.021414 2 0.000211 3 0.000312
125  0 0.999377 1 0.00012 2 0.000216 3 0.000287
126  0 0.631305 1 0.367856 2 0.000128 3 0.000711
127  0 0.097864 1 0.872938 2 0.027944 3 0.001254
128  0 0.0 1 7.5e-05 2 0.00013 3 0.999795
129  0 5e-06 1 8e-05 2 0.025736 3 0.974178
130  0 3e-06 1 7.8e-05 2 0.015422 3 0.984497
131  0 4e-06 1 7.9e-05 2 0.022165 3 0.977751
132  0 0.0 1 7.5e-05 2 0.000138 3 0.999787
133  0 7.5e-05 1 0.000313 2 0.385903 3 0.613709
134  0 0.000189 1 0.022262 2 0.924131 3 0.053419
135  0 5e-06 1 8.1e-05 2 0.027802 3 0.972112
136  0 5e-06 1 8.1e-05 2 0.026887 3 0.973027
137  0 0.0 1 7.5e-05 2 0.00013 3 0.999795
138  0 0.000191 1 0.051871 2 0.875645 3 0.072293
139  0 8.3e-05 1 0.000167 2 0.424084 3 0.575666
140  0 0.000192 1 0.05227 2 0.876336 3 0.071202
141  0 4e-06 1 7.9e-05 2 0.021378 3 0.978538
142  0 3e-06 1 7.8e-05 2 0.016797 3 0.983121
143  0 0.0 1 7.5e-05 2 0.00013 3 0.999795
144  0 7.8e-05 1 0.000164 2 0.40196 3 0.597798
145  0 0.000507 1 0.532186 2 0.466936 3 0.000372
146  0 0.000194 1 0.033905 2 0.903831 3 0.062071
147  0 0.000188 1 0.022982 2 0.920191 3 0.056639
148  0 0.000306 1 0.522179 2 0.477289 3 0.000225
149  0 0.108047 1 0.861844 2 0.028868 3 0.00124
150  0 0.103553 1 0.869287 2 0.025907 3 0.001253
151  0 0.650495 1 0.348683 2 0.000132 3 0.000689
152  0 0.987782 1 0.011704 2 0.000213 3 0.000301
153  0 0.092384 1 0.886934 2 0.0194 3 0.001282
154  0 0.0 1 7.5e-05 2 0.00013 3 0.999795
155  0 0.0 1 7.5e-05 2 0.000142 3 0.999783
156  0 0.0 1 7.5e-05 2 0.000137 3 0.999788
157  0 0.0 1 7.5e-05 2 0.000147 3 0.999778
158  0 0.0 1 7.5e-05 2 0.000139 3 0.999787
159  0 0.0 1 7.5e-05 2 0.000135 3 0.99979
160  0 0.0 1 7.5e-05 2 0.000131 3 0.999794
161  0 0.0 1 7.5e-05 2 0.000178 3 0.999747
162  0 0.0 1 7.5e-05 2 0.000149 3 0.999776
163  0 0.0 1 7.5e-05 2 0.000136 3 0.999789
164  0 0.0 1 7.5e-05 2 0.000151 3 0.999774
165  0 0.0 1 7.5e-05 2 0.000199 3 0.999726
166  0 0.0 1 7.5e-05 2 0.000698 3 0.999226
167  0 0.0 1 7.5e-05 2 0.000196 3 0.999729
168  0 0.0 1 7.5e-05 2 0.000189 3 0.999736
169  0 0.0 1 7.5e-05 2 0.000204 3 0.999721
170  0 0.0 1 7.5e-05 2 0.000151 3 0.999775
171  0 0.0 1 7.5e-05 2 0.000149 3 0.999776
172  0 0.0 1 7.5e-05 2 0.000146 3 0.999779
173  0 0.0 1 7.5e-05 2 0.000145 3 0.999781
174  0 0.0 1 7.5e-05 2 0.000142 3 0.999783
175  0 0.0 1 7.5e-05 2 0.000208 3 0.999718
176  0 0.0 1 7.5e-05 2 0.00013 3 0.999795
177  0 0.0 1 7.5e-05 2 0.00013 3 0.999795
178  0 0.0 1 7.5e-05 2 0.000163 3 0.999763
179  0 0.0 1 7.5e-05 2 0.000142 3 0.999784
180  0 0.0 1 7.5e-05 2 0.000169 3 0.999757
181  0 0.0 1 7.5e-05 2 0.000134 3 0.999791
182  0 0.0 1 7.5e-05 2 0.000135 3 0.99979
183  0 0.0 1 7.5e-05 2 0.00013 3 0.999795
184  0 0.0 1 7.5e-05 2 0.000233 3 0.999692
185  0 0.0 1 7.5e-05 2 0.00014 3 0.999785
186  0 0.0 1 7.5e-05 2 0.000148 3 0.999777
187  0 0.0 1 7.5e-05 2 0.000251 3 0.999674
188  0 0.0 1 7.5e-05 2 0.00013 3 0.999795
189  0 0.0 1 7.5e-05 2 0.00013 3 0.999795
190  0 0.0 1 7.5e-05 2 0.00013 3 0.999795
191  0 0.0 1 7.5e-05 2 0.000133 3 0.999792
192  0 0.0 1 7.5e-05 2 0.00013 3 0.999795
193  0 0.0 1 7.5e-05 2 0.000132 3 0.999794
194  0 0.0 1 7.5e-05 2 0.000131 3 0.999795
195  0 0.0 1 7.5e-05 2 0.000147 3 0.999778
196  0 0.0 1 7.5e-05 2 0.00013 3 0.999795
197  0 0.0 1 7.5e-05 2 0.00013 3 0.999795
198  0 0.0 1 7.5e-05 2 0.00013 3 0.999795
199  0 0.0 1 7.5e-05 2 0.000143 3 0.999782
200  0 0.0 1 7.5e-05 2 0.000217 3 0.999708
201  0 0.0 1 7.5e-05 2 0.000156 3 0.999769
202  0 0.0 1 7.5e-05 2 0.000135 3 0.99979
203  0 0.0 1 7.5e-05 2 0.000131 3 0.999794
204  0 0.0 1 7.5e-05 2 0.00013 3 0.999795
205  0 0.0 1 7.5e-05 2 0.000135 3 0.99979
206  0 5e-06 1 8.1e-05 2 0.027365 3 0.972549
207  0 8.3e-05 1 0.000167 2 0.424153 3 0.575597
208  0 0.000309 1 0.534861 2 0.464566 3 0.000265
209  0 0.000192 1 0.04621 2 0.889932 3 0.063666
210  0 0.000203 1 0.041422 2 0.90373 3 0.054645
211  0 0.000192 1 0.050226 2 0.88045 3 0.069132
212  0 0.000501 1 0.536202 2 0.462995 3 0.000301
213  0 0.999364 1 0.000132 2 0.000216 3 0.000287
214  0 0.983962 1 0.015518 2 0.000214 3 0.000305
215  0 0.982364 1 0.017116 2 0.000213 3 0.000307
216  0 0.995208 1 0.004281 2 0.000219 3 0.000292
217  0 0.990891 1 0.008594 2 0.000217 3 0.000297
218  0 0.999495 1 1e-06 2 0.000216 3 0.000287
219  0 0.674847 1 0.324354 2 0.000138 3 0.000661
220  0 0.071292 1 0.908297 2 0.019103 3 0.001308
221  0 0.070992 1 0.901658 2 0.02605 3 0.0013
222  0 0.077809 1 0.901162 2 0.019731 3 0.001298
223  0 0.994623 1 0.004867 2 0.000218 3 0.000293
224  0 0.671733 1 0.327465 2 0.000138 3 0.000665
225  0 0.091755 1 0.882492 2 0.024483 3 0.00127
226  0 0.104606 1 0.866455 2 0.027691 3 0.001247
227  0 0.999494 1 3e-06 2 0.000216 3 0.000287
228  0 0.991908 1 0.007581 2 0.000215 3 0.000296
229  0 0.988481 1 0.011006 2 0.000213 3 0.0003
230  0 0.999497 1 0.0 2 0.000216 3 0.000287
231  0 0.653921 1 0.345261 2 0.000133 3 0.000685
232  0 4e-06 1 7.9e-05 2 0.020811 3 0.979105
233  0 2e-06 1 8.7e-05 2 0.010555 3 0.989357
234  0 3e-06 1 7.8e-05 2 0.014726 3 0.985193
235  0 7.7e-05 1 0.000161 2 0.395749 3 0.604013
236  0 0.000214 1 0.048196 2 0.904195 3 0.047394
237  0 4e-06 1 7.9e-05 2 0.019886 3 0.980032
238  0 4e-06 1 8.8e-05 2 0.018431 3 0.981478
239  0 0.000203 1 0.088077 2 0.850747 3 0.060972
240  0 7.8e-05 1 0.00049 2 0.400451 3 0.59898
241  0 0.000201 1 0.087738 2 0.849622 3 0.062439
242  0 3e-06 1 9.9e-05 2 0.014547 3 0.985351
243  0 2e-06 1 9.6e-05 2 0.011503 3 0.988399
244  0 7.6e-05 1 0.00016 2 0.391478 3 0.608286
245  0 0.000316 1 0.567652 2 0.431593 3 0.000439
246  0 0.00021 1 0.076525 2 0.866665 3 0.0566
247  0 0.000216 1 0.059675 2 0.892615 3 0.047494
248  0 0.00038 1 0.543093 2 0.456249 3 0.000279
249  0 0.082112 1 0.864523 2 0.052136 3 0.001229
250  0 0.081963 1 0.866754 2 0.050052 3 0.001231
251  0 0.64711 1 0.351936 2 0.000261 3 0.000693
252  0 0.981787 1 0.017692 2 0.000213 3 0.000308
253  0 0.076641 1 0.885127 2 0.03696 3 0.001272
254  0 0.999497 1 0.0 2 0.000216 3 0.000287
255  0 0.999493 1 3e-06 2 0.000216 3 0.000287
256  0 0.999457 1 4e-05 2 0.000216 3 0.000287
257  0 0.999482 1 1.4e-05 2 0.000216 3 0.000287
258  0 0.999476 1 2.1e-05 2 0.000216 3 0.000287
259  0 0.999456 1 4.1e-05 2 0.000216 3 0.000287
260  0 0.999482 1 1.4e-05 2 0.000216 3 0.000287
261  0 0.999488 1 8e-06 2 0.000216 3 0.000287
262  0 0.999492 1 5e-06 2 0.000216 3 0.000287
263  0 0.999494 1 3e-06 2 0.000216 3 0.000287
264  0 0.999488 1 9e-06 2 0.000216 3 0.000287
265  0 0.999464 1 3.3e-05 2 0.000216 3 0.000287
266  0 0.999434 1 6.2e-05 2 0.000216 3 0.000287
267  0 0.999494 1 3e-06 2 0.000216 3 0.000287
268  0 0.999472 1 2.5e-05 2 0.000216 3 0.000287
269  0 0.999443 1 5.4e-05 2 0.000216 3 0.000287
270  0 0.999464 1 3.3e-05 2 0.000216 3 0.000287
271  0 0.999497 1 0.0 2 0.000216 3 0.000287
272  0 0.999477 1 1.9e-05 2 0.000216 3 0.000287
273  0 0.999497 1 0.0 2 0.000216 3 0.000287
274  0 0.999485 1 1.2e-05 2 0.000216 3 0.000287
275  0 0.99948 1 1.7e-05 2 0.000216 3 0.000287
276  0 0.999494 1 3e-06 2 0.000216 3 0.000287
277  0 0.999391 1 0.000105 2 0.000216 3 0.000287
278  0 0.999486 1 1e-05 2 0.000216 3 0.000287
279  0 0.999488 1 9e-06 2 0.000216 3 0.000287
280  0 0.999483 1 1.4e-05 2 0.000216 3 0.000287
281  0 0.999492 1 5e-06 2 0.000216 3 0.000287
282  0 0.999484 1 1.2e-05 2 0.000216 3 0.000287
283  0 0.999457 1 4e-05 2 0.000216 3 0.000287
284  0 0.999486 1 1.1e-05 2 0.000216 3 0.000287
285  0 0.999492 1 5e-06 2 0.000216 3 0.000287
286  0 0.999489 1 8e-06 2 0.000216 3 0.000287
287  0 0.999487 1 9e-06 2 0.000216 3 0.000287
288  0 0.999485 1 1.2e-05 2 0.000216 3 0.000287
289  0 0.999497 1 0.0 2 0.000216 3 0.000287
290  0 0.999492 1 5e-06 2 0.000216 3 0.000287
291  0 0.999497 1 0.0 2 0.000216 3 0.000287
292  0 0.999497 1 0.0 2 0.000216 3 0.000287
293  0 0.99948 1 1.6e-05 2 0.000216 3 0.000287
294  0 0.999494 1 3e-06 2 0.000216 3 0.000287
295  0 0.999491 1 5e-06 2 0.000216 3 0.000287
296  0 0.99947 1 2.6e-05 2 0.000216 3 0.000287
297  0 0.999461 1 3.6e-05 2 0.000216 3 0.000287
298  0 0.999497 1 0.0 2 0.000216 3 0.000287
299  0 0.999497 1 0.0 2 0.000216 3 0.000287
300  0 0.999477 1 2e-05 2 0.000216 3 0.000287
301  0 0.999497 1 0.0 2 0.000216 3 0.000287
302  0 7.8e-05 1 0.000164 2 0.402172 3 0.597586
303  0 6e-06 1 8.1e-05 2 0.029756 3 0.970157
304  0 0.001154 1 0.516512 2 0.481585 3 0.000749
305  0 0.000188 1 0.032074 2 0.894204 3 0.073534
306  0 0.000187 1 0.026621 2 0.907453 3 0.065738
307  0 0.000304 1 0.515201 2 0.484287 3 0.000208
308  0 0.000193 1 0.02348 2 0.916112 3 0.060215
309  0 0.97603 1 0.023445 2 0.000211 3 0.000314
310  0 0.979772 1 0.019694 2 0.000224 3 0.00031
311  0 0.977325 1 0.022146 2 0.000217 3 0.000313
312  0 0.628168 1 0.37099 2 0.000127 3 0.000715
313  0 0.09932 1 0.873147 2 0.026274 3 0.001258
314  0 0.098727 1 0.880024 2 0.019975 3 0.001275
315  0 0.98071 1 0.01876 2 0.000221 3 0.000309
316  0 0.650795 1 0.348283 2 0.000234 3 0.000689
317  0 0.098687 1 0.884791 2 0.015236 3 0.001286
318  0 0.102629 1 0.874449 2 0.021657 3 0.001265
319  0 0.98086 1 0.01862 2 0.000212 3 0.000309
320  0 0.979937 1 0.019541 2 0.000212 3 0.00031
321  0 0.97935 1 0.020128 2 0.000211 3 0.00031
322  0 0.670067 1 0.329057 2 0.00021 3 0.000666
323  0 0.114657 1 0.847933 2 0.036194 3 0.001216
324  0 5e-06 1 8.1e-05 2 0.028006 3 0.971908
325  0 0.000195 1 0.02453 2 0.919861 3 0.055413
326  0 7.5e-05 1 0.000159 2 0.387214 3 0.612551
327  0 5e-06 1 8.2e-05 2 0.027477 3 0.972435
328  0 5e-06 1 8.5e-05 2 0.026389 3 0.973521
329  0 0.979586 1 0.019892 2 0.000211 3 0.00031
330  0 0.687909 1 0.311206 2 0.00024 3 0.000646
331  0 0.002242 1 0.470963 2 0.526697 3 9.8e-05
332  0 0.137048 1 0.80428 2 0.057523 3 0.001149
333  0 0.139806 1 0.796128 2 0.062932 3 0.001135
334  0 0.128838 1 0.823712 2 0.046269 3 0.001181
335  0 0.001477 1 0.463035 2 0.535412 3 7.6e-05
336  0 0.000191 1 0.031116 2 0.908497 3 0.060196
337  0 0.000189 1 0.044373 2 0.87924 3 0.076198
338  0 0.000189 1 0.038392 2 0.892628 3 0.06879
339  0 7.3e-05 1 0.000156 2 0.374704 3 0.625067
340  0 5e-06 1 8.5e-05 2 0.027401 3 0.972508
341  0 0.000189 1 0.046774 2 0.874337 3 0.078699
342  0 7.5e-05 1 0.000339 2 0.386712 3 0.612873
343  0 6e-06 1 8.2e-05 2 0.030178 3 0.969734
344  0 6e-06 1 8.1e-05 2 0.030599 3 0.969314
345  0 6e-06 1 8.4e-05 2 0.030911 3 0.968999
346  0 7.6e-05 1 0.00016 2 0.388917 3 0.610847
347  0 5e-06 1 8.1e-05 2 0.027725 3 0.972189
348  0 0.00225 1 0.473107 2 0.52454 3 0.000103
349  0 0.00019 1 0.047127 2 0.876617 3 0.076066
350  0 0.000196 1 0.047835 2 0.881943 3 0.070026
351  0 0.000953 1 0.448483 2 0.550525 3 3.9e-05
352  0 0.000199 1 0.04976 2 0.889633 3 0.060408
353  0 0.981067 1 0.018413 2 0.000212 3 0.000309
354  0 0.987055 1 0.01243 2 0.000213 3 0.000302
355  0 0.9836 1 0.015882 2 0.000212 3 0.000306
356  0 0.696112 1 0.302947 2 0.000305 3 0.000637
357  0 0.136969 1 0.797212 2 0.064678 3 0.001141
358  0 0.122954 1 0.813251 2 0.062613 3 0.001182
359  0 0.990271 1 0.009217 2 0.000214 3 0.000298
360  0 0.711994 1 0.286069 2 0.001316 3 0.00062
361  0 0.10181 1 0.834639 2 0.062328 3 0.001223
362  0 0.077035 1 0.864522 2 0.057175 3 0.001267
363  0 0.991237 1 0.008252 2 0.000214 3 0.000297
364  0 0.982076 1 0.017405 2 0.000212 3 0.000307
365  0 0.986147 1 0.013338 2 0.000213 3 0.000303
366  0 0.692965 1 0.306037 2 0.000354 3 0.000644
367  0 0.074271 1 0.869222 2 0.055239 3 0.001268
368  0 4e-06 1 7.9e-05 2 0.021896 3 0.97802
369  0 0.000198 1 0.055386 2 0.888891 3 0.055525
370  0 7.4e-05 1 0.000157 2 0.378135 3 0.621634
371  0 3e-06 1 8.1e-05 2 0.014432 3 0.985484
372  0 2e-06 1 8.9e-05 2 0.009086 3 0.990824
373  0 0.648839 1 0.350123 2 0.000346 3 0.000692
374  0 0.000313 1 0.556484 2 0.442837 3 0.000366
375  0 0.078547 1 0.867286 2 0.052927 3 0.00124
376  0 0.075495 1 0.869424 2 0.053826 3 0.001255
377  0 0.000298 1 0.483111 2 0.516448 3 0.000143
378  0 0.000198 1 0.064951 2 0.880167 3 0.054685
379  0 0.0002 1 0.084661 2 0.852224 3 0.062914
380  0 0.000199 1 0.075125 2 0.866106 3 0.05857
381  0 7.5e-05 1 0.000269 2 0.385503 3 0.614153
382  0 2e-06 1 9.6e-05 2 0.007954 3 0.991948
383  0 7.8e-05 1 0.000725 2 0.39855 3 0.600647
384  0 4e-06 1 8.5e-05 2 0.018392 3 0.981519
385  0 2e-06 1 9.6e-05 2 0.012453 3 0.987449
386  0 0.0 1 7.5e-05 2 0.000575 3 0.99935
387  0 6e-06 1 8.1e-05 2 0.029634 3 0.970279
388  0 0.0 1 7.5e-05 2 0.000846 3 0.999079
389  0 7.7e-05 1 0.000161 2 0.396179 3 0.603582
390  0 2.7e-05 1 0.000105 2 0.137713 3 0.862156
391  0 2.5e-05 1 0.000103 2 0.130615 3 0.869256
392  0 2.8e-05 1 0.000106 2 0.143141 3 0.856725
393  0 7.8e-05 1 0.000169 2 0.402086 3 0.597667
394  0 2.8e-05 1 0.000106 2 0.144194 3 0.855672
395  0 0.000465 1 0.499419 2 0.499949 3 0.000168
396  0 0.000228 1 0.158612 2 0.837694 3 0.003466
397  0 0.000228 1 0.158626 2 0.838659 3 0.002487
398  0 0.000229 1 0.166945 2 0.827218 3 0.005608
399  0 0.000228 1 0.159402 2 0.835723 3 0.004646
400  0 0.000304 1 0.510705 2 0.488733 3 0.000259
401  0 0.000186 1 0.018881 2 0.918311 3 0.062623
402  0 0.000144 1 0.000964 2 0.737782 3 0.26111
403  0 0.000145 1 0.001246 2 0.743585 3 0.255023
404  0 0.000143 1 0.000862 2 0.733503 3 0.265493
405  0 0.000231 1 0.174603 2 0.819256 3 0.00591
406  0 0.000187 1 0.029583 2 0.897463 3 0.072767
407  0 0.000142 1 0.000459 2 0.730181 3 0.269218
408  0 0.000142 1 0.000575 2 0.730092 3 0.26919
409  0 0.000305 1 0.518354 2 0.480836 3 0.000505
410  0 0.000249 1 0.18377 2 0.809273 3 0.006707
411  0 0.00035 1 0.185245 2 0.807479 3 0.006927
412  0 0.000233 1 0.185071 2 0.8079 3 0.006796
413  0 0.000715 1 0.519589 2 0.479004 3 0.000691
414  0 0.000187 1 0.03391 2 0.891129 3 0.074773
415  0 0.000142 1 0.000446 2 0.73011 3 0.269302
416  0 0.999421 1 7.5e-05 2 0.000216 3 0.000287
417  0 0.999497 1 0.0 2 0.000216 3 0.000287
418  0 0.999262 1 0.000235 2 0.000216 3 0.000288
419  0 0.99946 1 3.6e-05 2 0.000216 3 0.000287
420  0 0.999477 1 2e-05 2 0.000216 3 0.000287
421  0 0.999496 1 1e-06 2 0.000216 3 0.000287
422  0 0.991127 1 0.008362 2 0.000214 3 0.000297
423  0 0.904048 1 0.095361 2 0.000193 3 0.000397
424  0 0.902507 1 0.096901 2 0.000193 3 0.000399
425  0 0.999497 1 0.0 2 0.000216 3 0.000287
426  0 0.999497 1 0.0 2 0.000216 3 0.000287
427  0 0.999497 1 0.0 2 0.000216 3 0.000287
428  0 0.911166 1 0.08825 2 0.000195 3 0.000389
429  0 0.996585 1 0.002909 2 0.000215 3 0.000291
430  0 0.910186 1 0.089229 2 0.000195 3 0.00039
431  0 0.999497 1 0.0 2 0.000216 3 0.000287
432  0 0.999497 1 0.0 2 0.000216 3 0.000287
433  0 0.999496 1 1e-06 2 0.000216 3 0.000287
434  0 0.992991 1 0.0065 2 0.000215 3 0.000295
435  0 0.663429 1 0.335741 2 0.000156 3 0.000674
436  0 0.90728 1 0.092132 2 0.000194 3 0.000393
437  0 0.904078 1 0.095332 2 0.000193 3 0.000397
438  0 0.647944 1 0.351232 2 0.000132 3 0.000692
439  0 0.288514 1 0.710145 2 0.000236 3 0.001105
440  0 0.296283 1 0.702322 2 0.000298 3 0.001096
441  0 0.00799 1 0.854154 2 0.136775 3 0.001081
442  0 0.079125 1 0.906472 2 0.013089 3 0.001314
443  0 0.00683 1 0.852315 2 0.139777 3 0.001078
444  0 0.305256 1 0.693291 2 0.000368 3 0.001086
445  0 0.314655 1 0.683885 2 0.000385 3 0.001075
446  0 0.006949 1 0.849937 2 0.142037 3 0.001077
447  0 0.282718 1 0.716125 2 4.4e-05 3 0.001113
448  0 0.073037 1 0.914909 2 0.010728 3 0.001327
449  0 0.007143 1 0.842516 2 0.149276 3 0.001065
450  0 0.007876 1 0.836823 2 0.154246 3 0.001055
451  0 0.999443 1 5.3e-05 2 0.000216 3 0.000287
452  0 0.991838 1 0.007651 2 0.000214 3 0.000296
453  0 0.657408 1 0.341777 2 0.000134 3 0.000681
454  0 0.903832 1 0.095576 2 0.000195 3 0.000397
455  0 0.898544 1 0.100861 2 0.000192 3 0.000404
456  0 0.907313 1 0.092099 2 0.000194 3 0.000393
457  0 0.656085 1 0.343099 2 0.000134 3 0.000683
458  0 0.28452 1 0.714324 2 4.5e-05 3 0.001111
459  0 0.290599 1 0.708251 2 4.6e-05 3 0.001104
460  0 0.28726 1 0.711587 2 4.5e-05 3 0.001107
461  0 0.079365 1 0.905282 2 0.01404 3 0.001313
462  0 0.008407 1 0.833996 2 0.156539 3 0.001059
463  0 0.298079 1 0.700666 2 0.00016 3 0.001095
464  0 0.090092 1 0.887388 2 0.021235 3 0.001284
465  0 0.010819 1 0.823943 2 0.16423 3 0.001008
466  0 0.011401 1 0.821715 2 0.165878 3 0.001006
467  0 0.010499 1 0.826849 2 0.161624 3 0.001029
468  0 0.999482 1 1.5e-05 2 0.000216 3 0.000287
469  0 0.999492 1 5e-06 2 0.000216 3 0.000287
470  0 0.999497 1 0.0 2 0.000216 3 0.000287
471  0 0.999497 1 0.0 2 0.000216 3 0.000287
472  0 0.999493 1 4e-06 2 0.000216 3 0.000287
473  0 0.98808 1 0.011406 2 0.000214 3 0.0003
474  0 0.892289 1 0.10711 2 0.00019 3 0.000411
475  0 0.998562 1 0.000933 2 0.000216 3 0.000288
476  0 0.998471 1 0.001025 2 0.000216 3 0.000288
477  0 0.999379 1 0.000117 2 0.000216 3 0.000287
478  0 0.874539 1 0.124844 2 0.000186 3 0.000431
479  0 0.975997 1 0.023478 2 0.00021 3 0.000314
480  0 0.873596 1 0.125786 2 0.000186 3 0.000432
481  0 0.998772 1 0.000724 2 0.000216 3 0.000288
482  0 0.999299 1 0.000197 2 0.000216 3 0.000288
483  0 0.999464 1 3.2e-05 2 0.000216 3 0.000287
484  0 0.981416 1 0.018064 2 0.000212 3 0.000308
485  0 0.627271 1 0.371875 2 0.000138 3 0.000716
486  0 0.879221 1 0.120163 2 0.00019 3 0.000426
487  0 0.8859 1 0.11349 2 0.000191 3 0.000418
488  0 0.640016 1 0.359152 2 0.00013 3 0.000701
489  0 0.310245 1 0.68739 2 0.001287 3 0.001078
490  0 0.307681 1 0.689969 2 0.001269 3 0.001081
491  0 0.097448 1 0.873417 2 0.027879 3 0.001256
492  0 0.011824 1 0.820768 2 0.166406 3 0.001002
493  0 0.303605 1 0.694836 2 0.000471 3 0.001087
494  0 0.0 1 7.5e-05 2 0.000212 3 0.999713
495  0 0.0 1 7.5e-05 2 0.00013 3 0.999795
496  0 0.0 1 7.5e-05 2 0.00026 3 0.999666
497  0 0.0 1 7.5e-05 2 0.000327 3 0.999598
498  0 0.0 1 7.5e-05 2 0.00013 3 0.999795
499  0 5e-06 1 8.1e-05 2 0.027492 3 0.972422
500  0 2.4e-05 1 0.000102 2 0.124153 3 0.875721
501  0 0.0 1 7.5e-05 2 0.000324 3 0.999601
502  0 0.0 1 7.5e-05 2 0.000387 3 0.999538
503  0 0.0 1 7.5e-05 2 0.00013 3 0.999795
504  0 2.1e-05 1 0.0001 2 0.110352 3 0.889526
505  0 4e-06 1 7.9e-05 2 0.018567 3 0.98135
506  0 2.1e-05 1 9.8e-05 2 0.106005 3 0.893877
507  0 0.0 1 7.5e-05 2 0.00061 3 0.999316
508  0 0.0 1 7.5e-05 2 0.000316 3 0.999609
509  0 0.0 1 7.5e-05 2 0.000177 3 0.999749
510  0 5e-06 1 8e-05 2 0.023769 3 0.976146
511  0 7.6e-05 1 0.000222 2 0.390458 3 0.609243
512  0 2.2e-05 1 9.9e-05 2 0.11169 3 0.888189
513  0 2.3e-05 1 0.0001 2 0.11652 3 0.883357
514  0 7.5e-05 1 0.000272 2 0.386823 3 0.61283
515  0 0.000146 1 0.000348 2 0.751615 3 0.24789
516  0 0.000146 1 0.00133 2 0.74687 3 0.251654
517  0 0.000187 1 0.017126 2 0.926469 3 0.056219
518  0 0.000235 1 0.159415 2 0.838365 3 0.001985
519  0 0.000146 1 0.001879 2 0.746496 3 0.251479
520  0 0.0 1 7.5e-05 2 0.000737 3 0.999188
521  0 0.0 1 7.5e-05 2 0.000696 3 0.999229
522  0 0.0 1 7.5e-05 2 0.000134 3 0.999792
523  0 2.9e-05 1 0.000107 2 0.148716 3 0.851148
524  0 5e-06 1 8.1e-05 2 0.027392 3 0.972522
525  0 2.9e-05 1 0.000107 2 0.149396 3 0.850468
526  0 0.0 1 7.5e-05 2 0.000142 3 0.999784
527  0 0.0 1 7.5e-05 2 0.000233 3 0.999692
528  0 0.0 1 7.5e-05 2 0.000134 3 0.999792
529  0 0.000242 1 0.227981 2 0.766771 3 0.005006
530  0 0.000192 1 0.051797 2 0.876872 3 0.071139
531  0 0.000243 1 0.22945 2 0.765237 3 0.00507
532  0 8.2e-05 1 0.000167 2 0.421627 3 0.578125
533  0 0.000145 1 0.001675 2 0.742106 3 0.256074
534  0 0.000146 1 0.000733 2 0.746746 3 0.252375
535  0 0.000145 1 0.002767 2 0.737517 3 0.259571
536  0 8.3e-05 1 0.000201 2 0.427302 3 0.572414
537  0 0.000144 1 0.003023 2 0.736028 3 0.260805
538  0 2.8e-05 1 0.000106 2 0.144915 3 0.854951
539  0 2.6e-05 1 0.000104 2 0.135044 3 0.864825
540  0 2.7e-05 1 0.000106 2 0.140467 3 0.8594
541  0 5e-06 1 8e-05 2 0.025368 3 0.974547
542  0 0.0 1 7.5e-05 2 0.00013 3 0.999795
543  0 2.4e-05 1 0.000102 2 0.124635 3 0.875239
544  0 4e-06 1 7.9e-05 2 0.01822 3 0.981698
545  0 0.0 1 7.5e-05 2 0.00013 3 0.999795
546  0 0.0 1 7.5e-05 2 0.00013 3 0.999795
547  0 0.0 1 7.5e-05 2 0.00013 3 0.999795
548  0 0.0 1 7.5e-05 2 0.000308 3 0.999617
549  0 0.0 1 7.5e-05 2 0.000135 3 0.999791
550  0 3e-06 1 7.8e-05 2 0.016241 3 0.983678
551  0 8e-05 1 0.000164 2 0.409407 3 0.59035
552  0 2.2e-05 1 0.0001 2 0.114385 3 0.885493
553  0 2.1e-05 1 9.8e-05 2 0.108169 3 0.891712
554  0 7.7e-05 1 0.000161 2 0.394967 3 0.604795
555  0 0.000616 1 0.533765 2 0.465243 3 0.000376
556  0 0.000241 1 0.223516 2 0.771584 3 0.004658
557  0 0.000238 1 0.207136 2 0.788799 3 0.003827
558  0 0.00024 1 0.217822 2 0.777114 3 0.004824
559  0 0.000386 1 0.531185 2 0.468044 3 0.000384
560  0 0.000193 1 0.042462 2 0.889367 3 0.067978
561  0 0.000146 1 0.000565 2 0.748972 3 0.250317
562  0 0.000147 1 0.000263 2 0.755669 3 0.243921
563  0 0.000237 1 0.195378 2 0.801511 3 0.002873
564  0 0.000192 1 0.027296 2 0.914237 3 0.058276
565  0 0.000148 1 0.000677 2 0.758477 3 0.240698
566  0 0.000147 1 0.00024 2 0.756514 3 0.243099
567  0 0.000478 1 0.522538 2 0.476758 3 0.000226
568  0 0.000233 1 0.18418 2 0.813497 3 0.00209
569  0 0.000238 1 0.168729 2 0.829634 3 0.0014
570  0 0.000326 1 0.517917 2 0.481543 3 0.000214
571  0 0.000188 1 0.019894 2 0.92675 3 0.053168
572  0 0.017433 1 0.811833 2 0.169748 3 0.000987
573  0 0.017062 1 0.812743 2 0.169206 3 0.000989
574  0 0.337097 1 0.661636 2 0.000218 3 0.00105
575  0 0.107197 1 0.863311 2 0.028249 3 0.001243
576  0 0.337528 1 0.661188 2 0.000235 3 0.001049
577  0 0.015693 1 0.818633 2 0.164666 3 0.001008
578  0 0.014782 1 0.822995 2 0.16121 3 0.001013
579  0 0.988136 1 0.01135 2 0.000213 3 0.0003
580  0 0.99892 1 0.000576 2 0.000216 3 0.000288
581  0 0.650694 1 0.348485 2 0.000133 3 0.000689
582  0 0.900033 1 0.099373 2 0.000192 3 0.000402
583  0 0.897594 1 0.10181 2 0.000192 3 0.000405
584  0 0.650793 1 0.348386 2 0.000133 3 0.000689
585  0 0.896327 1 0.103075 2 0.000191 3 0.000406
586  0 0.335425 1 0.663353 2 0.00017 3 0.001052
587  0 0.325012 1 0.673706 2 0.000219 3 0.001064
588  0 0.33117 1 0.667718 2 5.6e-05 3 0.001057
589  0 0.098519 1 0.877121 2 0.023094 3 0.001266
590  0 0.011422 1 0.83211 2 0.155435 3 0.001033
591  0 0.08353 1 0.899349 2 0.015819 3 0.001302
592  0 0.009807 1 0.844176 2 0.144957 3 0.001059
593  0 0.009816 1 0.839604 2 0.149533 3 0.001047
594  0 0.0 1 7.5e-05 2 0.000132 3 0.999794
595  0 0.0 1 7.5e-05 2 0.00013 3 0.999795
596  0 0.0 1 7.5e-05 2 0.000158 3 0.999768
597  0 0.0 1 7.5e-05 2 0.000132 3 0.999793
598  0 0.0 1 7.5e-05 2 0.00013 3 0.999795
599  0 0.0 1 7.5e-05 2 0.000154 3 0.999772
600  0 0.0 1 7.5e-05 2 0.000138 3 0.999787
601  0 0.0 1 7.5e-05 2 0.00015 3 0.999776
602  0 0.0 1 7.5e-05 2 0.000136 3 0.99979
603  0 0.0 1 7.5e-05 2 0.000145 3 0.99978
604  0 0.0 1 7.5e-05 2 0.00014 3 0.999785
605  0 0.0 1 7.5e-05 2 0.000136 3 0.999789
606  0 0.0 1 7.5e-05 2 0.000134 3 0.999791
607  0 0.0 1 7.5e-05 2 0.000141 3 0.999784
608  0 0.0 1 7.5e-05 2 0.000153 3 0.999772
609  0 0.0 1 7.5e-05 2 0.000147 3 0.999778
610  0 0.0 1 7.5e-05 2 0.000142 3 0.999784
611  0 0.0 1 7.5e-05 2 0.000135 3 0.99979
612  0 0.0 1 7.5e-05 2 0.00014 3 0.999786
613  0 0.0 1 7.5e-05 2 0.000145 3 0.99978
614  0 0.0 1 7.5e-05 2 0.00013 3 0.999795
615  0 0.0 1 7.5e-05 2 0.000132 3 0.999794
616  0 0.0 1 7.5e-05 2 0.00013 3 0.999795
617  0 0.0 1 7.5e-05 2 0.00013 3 0.999795
618  0 0.0 1 7.5e-05 2 0.00013 3 0.999795
619  0 0.0 1 7.5e-05 2 0.000135 3 0.99979
620  0 0.0 1 7.5e-05 2 0.00013 3 0.999795
621  0 0.0 1 7.5e-05 2 0.00013 3 0.999795
622  0 0.0 1 7.5e-05 2 0.000136 3 0.999789
623  0 0.0 1 7.5e-05 2 0.00013 3 0.999795
624  0 0.0 1 7.5e-05 2 0.00013 3 0.999795
625  0 0.0 1 7.5e-05 2 0.00013 3 0.999795
626  0 0.0 1 7.5e-05 2 0.000136 3 0.99979
627  0 0.0 1 7.5e-05 2 0.000137 3 0.999789
628  0 0.0 1 7.5e-05 2 0.00013 3 0.999795
629  0 0.0 1 7.5e-05 2 0.00013 3 0.999795
630  0 0.0 1 7.5e-05 2 0.000211 3 0.999715
631  0 0.0 1 7.5e-05 2 0.000436 3 0.999489
632  0 0.0 1 7.5e-05 2 0.000205 3 0.999721
633  0 0.0 1 7.5e-05 2 0.000198 3 0.999727
634  0 0.0 1 7.5e-05 2 0.000182 3 0.999744
635  0 0.0 1 7.5e-05 2 0.00013 3 0.999795
636  0 0.0 1 7.5e-05 2 0.000249 3 0.999676
637  0 0.0 1 7.5e-05 2 0.000403 3 0.999522
638  0 0.0 1 7.5e-05 2 0.000205 3 0.999721
639  0 0.0 1 7.5e-05 2 0.000193 3 0.999732
640  0 0.0 1 7.5e-05 2 0.000209 3 0.999716
641  0 0.0 1 7.5e-05 2 0.000187 3 0.999738
642  0 0.0 1 7.5e-05 2 0.000175 3 0.999751
643  0 0.0 1 7.5e-05 2 0.00018 3 0.999745
644  0 0.0 1 7.5e-05 2 0.000194 3 0.999732
645  0 0.0 1 7.5e-05 2 0.000208 3 0.999717
646  0 0.0 1 7.5e-05 2 0.000202 3 0.999723
647  0 0.0 1 7.5e-05 2 0.000181 3 0.999744
648  0 0.0 1 7.5e-05 2 0.000194 3 0.999732
649  0 0.0 1 7.5e-05 2 0.000166 3 0.999759
650  0 0.0 1 7.5e-05 2 0.000157 3 0.999768
651  0 0.0 1 7.5e-05 2 0.00016 3 0.999765
652  0 0.0 1 7.5e-05 2 0.000165 3 0.99976
653  0 0.0 1 7.5e-05 2 0.000144 3 0.999782
654  0 0.0 1 7.5e-05 2 0.000137 3 0.999788
655  0 0.0 1 7.5e-05 2 0.00013 3 0.999795
656  0 0.0 1 7.5e-05 2 0.000169 3 0.999756
657  0 0.0 1 7.5e-05 2 0.000131 3 0.999794
658  0 0.0 1 7.5e-05 2 0.000149 3 0.999777
659  0 0.0 1 7.5e-05 2 0.00013 3 0.999795
660  0 0.0 1 7.5e-05 2 0.000163 3 0.999762
661  0 0.0 1 7.5e-05 2 0.000151 3 0.999774
662  0 0.0 1 7.5e-05 2 0.000147 3 0.999778
663  0 0.0 1 7.5e-05 2 0.000142 3 0.999783
664  0 0.0 1 7.5e-05 2 0.00014 3 0.999785
665  0 0.0 1 7.5e-05 2 0.000145 3 0.999781
666  0 0.0 1 7.5e-05 2 0.000136 3 0.999789
667  0 0.0 1 7.5e-05 2 0.000155 3 0.99977
668  0 0.0 1 7.5e-05 2 0.000142 3 0.999783
669  0 0.0 1 7.5e-05 2 0.000132 3 0.999793
670  0 0.0 1 7.5e-05 2 0.00013 3 0.999795
671  0 0.0 1 7.5e-05 2 0.00013 3 0.999795
672  0 0.0 1 7.5e-05 2 0.000273 3 0.999652
673  0 0.0 1 7.5e-05 2 0.00013 3 0.999795
674  0 0.0 1 7.5e-05 2 0.00013 3 0.999795
675  0 0.0 1 7.5e-05 2 0.00013 3 0.999795
676  0 0.0 1 7.5e-05 2 0.00013 3 0.999795
677  0 0.0 1 7.5e-05 2 0.00013 3 0.999795
678  0 0.0 1 7.5e-05 2 0.00013 3 0.999795
679  0 0.0 1 7.5e-05 2 0.000142 3 0.999783
680  0 0.0 1 7.5e-05 2 0.000141 3 0.999785
681  0 0.0 1 7.5e-05 2 0.00013 3 0.999795
682  0 0.0 1 7.5e-05 2 0.000132 3 0.999794
683  0 0.0 1 7.5e-05 2 0.00013 3 0.999795
684  0 0.0 1 7.5e-05 2 0.00013 3 0.999795
685  0 0.0 1 7.5e-05 2 0.000175 3 0.999751
686  0 0.0 1 7.5e-05 2 0.00013 3 0.999795
687  0 0.0 1 7.5e-05 2 0.000138 3 0.999787
688  0 0.0 1 7.5e-05 2 0.00013 3 0.999795
689  0 0.0 1 7.5e-05 2 0.00013 3 0.999795
690  0 0.0 1 7.5e-05 2 0.00014 3 0.999785
691  0 0.0 1 7.5e-05 2 0.000145 3 0.99978
692  0 0.0 1 7.5e-05 2 0.000136 3 0.999789
693  0 0.0 1 7.5e-05 2 0.000153 3 0.999772
694  0 0.0 1 7.5e-05 2 0.000135 3 0.99979
695  0 0.0 1 7.5e-05 2 0.00013 3 0.999795
696  0 0.0 1 7.5e-05 2 0.000155 3 0.99977
697  0 0.0 1 7.5e-05 2 0.000139 3 0.999786
698  0 0.0 1 7.5e-05 2 0.00013 3 0.999795
699  0 0.0 1 7.5e-05 2 0.00013 3 0.999795
700  0 0.0 1 7.5e-05 2 0.000138 3 0.999787
701  0 0.0 1 7.5e-05 2 0.00013 3 0.999795
702  0 0.0 1 7.5e-05 2 0.000157 3 0.999768
703  0 0.0 1 7.5e-05 2 0.000173 3 0.999752
704  0 0.0 1 7.5e-05 2 0.000142 3 0.999784
705  0 0.0 1 7.5e-05 2 0.000147 3 0.999779
706  0 0.0 1 7.5e-05 2 0.00014 3 0.999785
707  0 0.0 1 7.5e-05 2 0.00013 3 0.999795
708  0 0.0 1 7.5e-05 2 0.000161 3 0.999764
709  0 0.0 1 7.5e-05 2 0.000416 3 0.999509
710  0 0.0 1 7.5e-05 2 0.000138 3 0.999787
711  0 0.0 1 7.5e-05 2 0.00013 3 0.999795
712  0 0.0 1 7.5e-05 2 0.000134 3 0.999791
713  0 0.0 1 7.5e-05 2 0.000138 3 0.999788
714  0 0.0 1 7.5e-05 2 0.000149 3 0.999776
715  0 0.0 1 7.5e-05 2 0.000145 3 0.999781
716  0 0.0 1 7.5e-05 2 0.00014 3 0.999785
717  0 0.0 1 7.5e-05 2 0.000142 3 0.999784
718  0 0.0 1 7.5e-05 2 0.000164 3 0.999761
719  0 0.0 1 7.5e-05 2 0.00014 3 0.999785
720  0 0.0 1 7.5e-05 2 0.000188 3 0.999737
721  0 0.0 1 7.5e-05 2 0.000166 3 0.999759
722  0 0.0 1 7.5e-05 2 0.00013 3 0.999795
723  0 0.0 1 7.5e-05 2 0.00013 3 0.999795
724  0 0.0 1 7.5e-05 2 0.00017 3 0.999755
725  0 0.0 1 7.5e-05 2 0.000426 3 0.999499
726  0 0.0 1 7.5e-05 2 0.000134 3 0.999792
727  0 0.0 1 7.5e-05 2 0.00013 3 0.999795
728  0 0.0 1 7.5e-05 2 0.00013 3 0.999795
729  0 0.0 1 7.5e-05 2 0.00013 3 0.999795
730  0 0.0 1 7.5e-05 2 0.000133 3 0.999792
731  0 0.0 1 7.5e-05 2 0.00013 3 0.999795
732  0 0.0 1 7.5e-05 2 0.00013 3 0.999795
733  0 0.0 1 7.5e-05 2 0.00013 3 0.999795
734  0 0.0 1 7.5e-05 2 0.00013 3 0.999795
735  0 0.0 1 7.5e-05 2 0.000143 3 0.999782
736  0 0.0 1 7.5e-05 2 0.000163 3 0.999763
737  0 0.0 1 7.5e-05 2 0.000181 3 0.999745
738  0 0.0 1 7.5e-05 2 0.000131 3 0.999795
739  0 0.0 1 7.5e-05 2 0.00013 3 0.999795
740  0 0.0 1 7.5e-05 2 0.00013 3 0.999795
741  0 0.0 1 7.5e-05 2 0.00013 3 0.999795
742  0 0.0 1 7.5e-05 2 0.00013 3 0.999795
743  0 0.0 1 7.5e-05 2 0.00013 3 0.999795
744  0 0.0 1 7.5e-05 2 0.000136 3 0.99979
745  0 0.0 1 7.5e-05 2 0.000141 3 0.999785
746  0 0.0 1 7.5e-05 2 0.00013 3 0.999795
747  0 0.0 1 7.5e-05 2 0.00013 3 0.999795
748  0 0.0 1 7.5e-05 2 0.00013 3 0.999795
749  0 0.0 1 7.5e-05 2 0.00016 3 0.999766
750  0 0.0 1 7.5e-05 2 0.00013 3 0.999795
751  0 0.0 1 7.5e-05 2 0.00013 3 0.999795
752  0 0.0 1 7.5e-05 2 0.00013 3 0.999795
753  0 0.0 1 7.5e-05 2 0.00013 3 0.999795
754  0 0.0 1 7.5e-05 2 0.00013 3 0.999795
755  0 0.0 1 7.5e-05 2 0.00013 3 0.999795
756  0 0.0 1 7.5e-05 2 0.00013 3 0.999795
757  0 0.0 1 7.5e-05 2 0.000165 3 0.999761
758  0 0.0 1 7.5e-05 2 0.00014 3 0.999786
759  0 0.0 1 7.5e-05 2 0.00013 3 0.999795
760  0 0.0 1 7.5e-05 2 0.00013 3 0.999795
761  0 0.0 1 7.5e-05 2 0.00013 3 0.999795
762  0 0.0 1 7.5e-05 2 0.00013 3 0.999795
763  0 0.0 1 7.5e-05 2 0.000194 3 0.999732
764  0 0.0 1 7.5e-05 2 0.00013 3 0.999795
765  0 0.0 1 7.5e-05 2 0.00013 3 0.999795
766  0 0.0 1 7.5e-05 2 0.000137 3 0.999788
767  0 0.0 1 7.5e-05 2 0.0002 3 0.999726
768  0 0.0 1 7.5e-05 2 0.0002 3 0.999726
769  0 0.0 1 7.5e-05 2 0.000193 3 0.999732
770  0 0.0 1 7.5e-05 2 0.00021 3 0.999716
771  0 0.0 1 7.5e-05 2 0.000158 3 0.999768
772  0 0.0 1 7.5e-05 2 0.000213 3 0.999713
773  0 0.0 1 7.5e-05 2 0.000135 3 0.99979
774  0 0.0 1 7.5e-05 2 0.000136 3 0.99979
775  0 0.0 1 7.5e-05 2 0.000142 3 0.999783
776  0 0.0 1 7.5e-05 2 0.00013 3 0.999795
777  0 0.0 1 7.5e-05 2 0.00013 3 0.999795
778  0 0.0 1 7.5e-05 2 0.00013 3 0.999795
779  0 0.0 1 7.5e-05 2 0.00013 3 0.999795
780  0 0.0 1 7.5e-05 2 0.000193 3 0.999732
781  0 0.0 1 7.5e-05 2 0.00013 3 0.999795
782  0 0.0 1 7.5e-05 2 0.000132 3 0.999793
783  0 0.0 1 7.5e-05 2 0.00013 3 0.999795
784  0 0.0 1 7.5e-05 2 0.00013 3 0.999795
785  0 0.0 1 7.5e-05 2 0.00013 3 0.999795
786  0 0.0 1 7.5e-05 2 0.000136 3 0.999789
787  0 0.0 1 7.5e-05 2 0.000135 3 0.999791
788  0 0.0 1 7.5e-05 2 0.00013 3 0.999795
789  0 0.0 1 7.5e-05 2 0.00013 3 0.999795
790  0 0.0 1 7.5e-05 2 0.00013 3 0.999795
791  0 0.0 1 7.5e-05 2 0.000177 3 0.999749
792  0 0.0 1 7.5e-05 2 0.000211 3 0.999714
793  0 0.0 1 7.5e-05 2 0.000172 3 0.999753
794  0 0.0 1 7.5e-05 2 0.000679 3 0.999246
795  0 5e-06 1 8.1e-05 2 0.027548 3 0.972366
796  0 8.1e-05 1 0.000166 2 0.418201 3 0.581552
797  0 2.8e-05 1 0.000106 2 0.144213 3 0.855652
798  0 2.7e-05 1 0.000105 2 0.136937 3 0.862931
799  0 2.9e-05 1 0.000107 2 0.14839 3 0.851474
800  0 8.3e-05 1 0.000213 2 0.427171 3 0.572533
801  0 0.000446 1 0.530953 2 0.468353 3 0.000248
802  0 0.000269 1 0.223136 2 0.774549 3 0.002046
803  0 0.000284 1 0.222239 2 0.775605 3 0.001872
804  0 0.000243 1 0.227458 2 0.76957 3 0.002729
805  0 0.000254 1 0.223225 2 0.774117 3 0.002404
806  0 0.000422 1 0.535527 2 0.463792 3 0.000259
807  0 0.000197 1 0.042046 2 0.899553 3 0.058204
808  0 0.000146 1 0.002658 2 0.743052 3 0.254144
809  0 0.000147 1 0.002471 2 0.748078 3 0.249305
810  0 0.000145 1 0.002457 2 0.739164 3 0.258234
811  0 0.000242 1 0.227464 2 0.768938 3 0.003355
812  0 0.000192 1 0.047693 2 0.884613 3 0.067503
813  0 0.000144 1 0.002615 2 0.737116 3 0.260125
814  0 0.000144 1 0.003028 2 0.735599 3 0.261229
815  0 0.000418 1 0.537586 2 0.461716 3 0.00028
816  0 0.000243 1 0.228826 2 0.766759 3 0.004173
817  0 0.000246 1 0.229395 2 0.765512 3 0.004848
818  0 0.000667 1 0.53449 2 0.464504 3 0.000338
819  0 0.000192 1 0.051661 2 0.87763 3 0.070518
820  0 0.999437 1 6e-05 2 0.000216 3 0.000287
821  0 0.998983 1 0.000513 2 0.000216 3 0.000288
822  0 0.998936 1 0.00056 2 0.000216 3 0.000288
823  0 0.99928 1 0.000217 2 0.000216 3 0.000288
824  0 0.999274 1 0.000222 2 0.000216 3 0.000288
825  0 0.999434 1 6.2e-05 2 0.000216 3 0.000287
826  0 0.983565 1 0.015916 2 0.000213 3 0.000306
827  0 0.895112 1 0.104282 2 0.000199 3 0.000407
828  0 0.890109 1 0.109281 2 0.000197 3 0.000413
829  0 0.999483 1 1.4e-05 2 0.000216 3 0.000287
830  0 0.999497 1 0.0 2 0.000216 3 0.000287
831  0 0.999497 1 0.0 2 0.000216 3 0.000287
832  0 0.913561 1 0.085842 2 0.000211 3 0.000386
833  0 0.994198 1 0.00529 2 0.000219 3 0.000293
834  0 0.916318 1 0.08309 2 0.000209 3 0.000383
835  0 0.999496 1 0.0 2 0.000216 3 0.000287
836  0 0.999142 1 0.000354 2 0.000216 3 0.000288
837  0 0.999459 1 3.7e-05 2 0.000216 3 0.000287
838  0 0.985916 1 0.013565 2 0.000215 3 0.000303
839  0 0.678234 1 0.320967 2 0.000142 3 0.000657
840  0 0.907086 1 0.092312 2 0.000208 3 0.000394
841  0 0.897603 1 0.10179 2 0.000203 3 0.000405
842  0 0.667221 1 0.331973 2 0.000136 3 0.00067
843  0 0.313806 1 0.685066 2 5.2e-05 3 0.001077
844  0 0.314585 1 0.684073 2 0.000267 3 0.001075
845  0 0.004472 1 0.840998 2 0.153478 3 0.001052
846  0 0.069664 1 0.906482 2 0.022551 3 0.001304
847  0 0.004799 1 0.8451 2 0.149041 3 0.001061
848  0 0.311969 1 0.686289 2 0.000662 3 0.001079
849  0 0.309516 1 0.688165 2 0.001237 3 0.001083
850  0 0.00645 1 0.842753 2 0.149747 3 0.00105
851  0 0.319243 1 0.679392 2 0.000294 3 0.00107
852  0 0.074359 1 0.905899 2 0.018436 3 0.001306
853  0 0.008976 1 0.839535 2 0.150443 3 0.001046
854  0 0.012396 1 0.835099 2 0.151466 3 0.001039
855  0 0.999442 1 5.5e-05 2 0.000216 3 0.000287
856  0 0.994042 1 0.005447 2 0.000218 3 0.000294
857  0 0.66751 1 0.33163 2 0.00019 3 0.000669
858  0 0.911177 1 0.08823 2 0.000204 3 0.000389
859  0 0.904524 1 0.094881 2 0.000199 3 0.000397
860  0 0.915493 1 0.083917 2 0.000206 3 0.000384
861  0 0.677195 1 0.322004 2 0.000143 3 0.000658
862  0 0.326946 1 0.671405 2 0.000588 3 0.00106
863  0 0.331642 1 0.66687 2 0.000432 3 0.001055
864  0 0.330341 1 0.667494 2 0.00111 3 0.001055
865  0 0.083491 1 0.892752 2 0.022473 3 0.001285
866  0 0.014318 1 0.826631 2 0.158032 3 0.00102
867  0 0.333702 1 0.665094 2 0.00015 3 0.001054
868  0 0.100678 1 0.871063 2 0.027006 3 0.001254
869  0 0.016165 1 0.81714 2 0.165697 3 0.000999
870  0 0.017343 1 0.812596 2 0.169073 3 0.000989
871  0 0.01528 1 0.82181 2 0.1619 3 0.001009
872  0 0.999488 1 9e-06 2 0.000216 3 0.000287
873  0 0.999497 1 0.0 2 0.000216 3 0.000287
874  0 0.999345 1 0.000152 2 0.000216 3 0.000287
875  0 0.999497 1 0.0 2 0.000216 3 0.000287
876  0 0.999497 1 0.0 2 0.000216 3 0.000287
877  0 0.993694 1 0.005795 2 0.000217 3 0.000294
878  0 0.902353 1 0.097055 2 0.000193 3 0.000399
879  0 0.999295 1 0.000202 2 0.000216 3 0.000288
880  0 0.999447 1 4.9e-05 2 0.000216 3 0.000287
881  0 0.896668 1 0.102735 2 0.000191 3 0.000406
882  0 0.987909 1 0.011577 2 0.000213 3 0.000301
883  0 0.999492 1 5e-06 2 0.000216 3 0.000287
884  0 0.999416 1 8.1e-05 2 0.000216 3 0.000287
885  0 0.999494 1 3e-06 2 0.000216 3 0.000287
886  0 0.990433 1 0.009055 2 0.000214 3 0.000298
887  0 0.651943 1 0.347236 2 0.000133 3 0.000688
888  0 0.898195 1 0.101209 2 0.000192 3 0.000404
889  0 0.901569 1 0.097838 2 0.000193 3 0.0004
890  0 0.656357 1 0.342827 2 0.000134 3 0.000682
891  0 0.337126 1 0.661656 2 0.000168 3 0.00105
892  0 0.107615 1 0.862343 2 0.028802 3 0.001241
893  0 0.335626 1 0.663265 2 5.7e-05 3 0.001052
894  0 0.0 1 7.5e-05 2 0.000416 3 0.999509
895  0 0.0 1 7.5e-05 2 0.000602 3 0.999323
896  0 0.0 1 7.5e-05 2 0.000499 3 0.999426
897  0 5e-06 1 8e-05 2 0.024003 3 0.975913
898  0 2.5e-05 1 0.000103 2 0.131066 3 0.868805
899  0 0.0 1 7.6e-05 2 0.001957 3 0.997966
900  0 0.0 1 7.5e-05 2 0.00081 3 0.999115
901  0 2.2e-05 1 9.9e-05 2 0.110972 3 0.888908
902  0 2e-06 1 8.1e-05 2 0.012945 3 0.986971
903  0 2.1e-05 1 9.8e-05 2 0.106926 3 0.892956
904  0 0.0 1 7.5e-05 2 0.000556 3 0.999369
905  0 0.0 1 7.5e-05 2 0.000657 3 0.999268
906  0 3e-06 1 7.8e-05 2 0.017201 3 0.982717
907  0 7.6e-05 1 0.00016 2 0.39133 3 0.608434
908  0 2.3e-05 1 0.0001 2 0.118203 3 0.881674
909  0 2.4e-05 1 0.000103 2 0.124382 3 0.875491
910  0 7.8e-05 1 0.000218 2 0.399918 3 0.599786
911  0 0.000151 1 0.003549 2 0.759758 3 0.236543
912  0 0.000149 1 0.00257 2 0.757575 3 0.239706
913  0 0.000209 1 0.045705 2 0.904199 3 0.049886
914  0 0.000299 1 0.214887 2 0.784469 3 0.000346
915  0 0.000147 1 0.002291 2 0.752729 3 0.244833
916  0 0.0 1 7.5e-05 2 0.000527 3 0.999398
917  0 0.0 1 7.5e-05 2 0.000589 3 0.999336
918  0 2.6e-05 1 0.000104 2 0.134965 3 0.864904
919  0 4e-06 1 8.2e-05 2 0.01972 3 0.980194
920  0 2.7e-05 1 0.000106 2 0.136392 3 0.863475
921  0 0.0 1 7.5e-05 2 0.000545 3 0.99938
922  0 0.0 1 7.6e-05 2 0.00073 3 0.999195
923  0 0.000254 1 0.282588 2 0.711785 3 0.005373
924  0 0.000201 1 0.088204 2 0.849169 3 0.062426
925  0 0.000254 1 0.282147 2 0.712325 3 0.005275
926  0 7.8e-05 1 0.000374 2 0.399015 3 0.600533
927  0 0.000147 1 0.013252 2 0.728104 3 0.258497
928  0 0.000147 1 0.011628 2 0.733364 3 0.25486
929  0 0.000147 1 0.014853 2 0.723615 3 0.261385
930  0 7.9e-05 1 0.000637 2 0.402458 3 0.596827
931  0 0.000147 1 0.015943 2 0.720099 3 0.263811
932  0 2.5e-05 1 0.000103 2 0.130957 3 0.868914
933  0 2.4e-05 1 0.000101 2 0.121826 3 0.878049
934  0 2.5e-05 1 0.000103 2 0.127899 3 0.871973
935  0 3e-06 1 9.3e-05 2 0.017103 3 0.9828
936  0 0.0 1 7.6e-05 2 0.000929 3 0.998994
937  0 2.2e-05 1 0.0001 2 0.114871 3 0.885007
938  0 2e-06 1 0.0001 2 0.012261 3 0.987636
939  0 0.0 1 7.7e-05 2 0.002175 3 0.997748
940  0 0.0 1 7.6e-05 2 0.001836 3 0.998087
941  0 0.0 1 7.7e-05 2 0.001559 3 0.998364
942  0 2e-06 1 9.2e-05 2 0.010118 3 0.989789
943  0 7.7e-05 1 0.000226 2 0.394309 3 0.605388
944  0 2.1e-05 1 9.9e-05 2 0.109457 3 0.890423
945  0 2.1e-05 1 9.9e-05 2 0.108168 3 0.891712
946  0 7.5e-05 1 0.000318 2 0.3852 3 0.614407
947  0 0.000411 1 0.566771 2 0.432455 3 0.000363
948  0 0.000261 1 0.283582 2 0.709473 3 0.006684
949  0 0.000275 1 0.259442 2 0.736775 3 0.003507
950  0 0.000269 1 0.270876 2 0.724716 3 0.004139
951  0 0.000316 1 0.567311 2 0.431999 3 0.000374
952  0 0.000207 1 0.0825 2 0.858295 3 0.058999
953  0 0.000148 1 0.011211 2 0.734581 3 0.25406
954  0 0.00015 1 0.009253 2 0.745998 3 0.244599
955  0 0.00028 1 0.242495 2 0.755127 3 0.002098
956  0 0.000213 1 0.069056 2 0.878793 3 0.051938
957  0 0.000151 1 0.006417 2 0.754466 3 0.238965
958  0 0.000151 1 0.004878 2 0.756328 3 0.238643
959  0 0.000312 1 0.550474 2 0.448881 3 0.000333
960  0 0.000286 1 0.232397 2 0.766426 3 0.000891
961  0 0.000293 1 0.220754 2 0.778947 3 6e-06
962  0 0.000309 1 0.536967 2 0.462461 3 0.000263
963  0 0.000216 1 0.053759 2 0.898947 3 0.047078
964  0 0.00679 1 0.798676 2 0.193593 3 0.000941
965  0 0.006425 1 0.801044 2 0.191587 3 0.000944
966  0 0.299632 1 0.695283 2 0.003993 3 0.001091
967  0 0.08295 1 0.863905 2 0.051919 3 0.001226
968  0 0.299841 1 0.694673 2 0.004395 3 0.001091
969  0 0.005384 1 0.806587 2 0.187067 3 0.000962
970  0 0.004669 1 0.813743 2 0.180607 3 0.000981
971  0 0.982122 1 0.017359 2 0.000212 3 0.000307
972  0 0.998844 1 0.000652 2 0.000216 3 0.000288
973  0 0.651871 1 0.347253 2 0.000188 3 0.000687
974  0 0.885554 1 0.113828 2 0.000199 3 0.000418
975  0 0.881109 1 0.11828 2 0.000188 3 0.000424
976  0 0.642011 1 0.356973 2 0.000317 3 0.000699
977  0 0.880719 1 0.118663 2 0.000194 3 0.000424
978  0 0.300072 1 0.695265 2 0.003571 3 0.001091
979  0 0.302665 1 0.694766 2 0.001478 3 0.001092
980  0 0.299776 1 0.696655 2 0.002476 3 0.001094
981  0 0.080222 1 0.872579 2 0.045956 3 0.001244
982  0 0.00468 1 0.821062 2 0.173256 3 0.001002
983  0 0.071405 1 0.896755 2 0.030548 3 0.001292
984  0 0.003534 1 0.837292 2 0.158126 3 0.001048
985  0 0.003427 1 0.830232 2 0.165311 3 0.001031
986  0 0.999497 1 0.0 2 0.000216 3 0.000287
987  0 0.999408 1 8.8e-05 2 0.000216 3 0.000287
988  0 0.999497 1 0.0 2 0.000216 3 0.000287
989  0 0.99949 1 7e-06 2 0.000216 3 0.000287
990  0 0.999497 1 0.0 2 0.000216 3 0.000287
991  0 0.999494 1 3e-06 2 0.000216 3 0.000287
992  0 0.999497 1 0.0 2 0.000216 3 0.000287
993  0 0.999473 1 2.4e-05 2 0.000216 3 0.000287
994  0 0.999472 1 2.4e-05 2 0.000216 3 0.000287
995  0 0.999457 1 3.9e-05 2 0.000216 3 0.000287
996  0 0.999464 1 3.3e-05 2 0.000216 3 0.000287
997  0 0.999443 1 5.3e-05 2 0.000216 3 0.000287
998  0 0.999488 1 9e-06 2 0.000216 3 0.000287
999  0 0.999491 1 5e-06 2 0.000216 3 0.000287
1000  0 0.999492 1 5e-06 2 0.000216 3 0.000287
1001  0 0.999459 1 3.7e-05 2 0.000216 3 0.000287
1002  0 0.999477 1 1.9e-05 2 0.000216 3 0.000287
1003  0 0.999488 1 8e-06 2 0.000216 3 0.000287
1004  0 0.999486 1 1e-05 2 0.000216 3 0.000287
1005  0 0.999443 1 5.3e-05 2 0.000216 3 0.000287
1006  0 0.999464 1 3.2e-05 2 0.000216 3 0.000287
1007  0 0.99948 1 1.6e-05 2 0.000216 3 0.000287
1008  0 0.999471 1 2.5e-05 2 0.000216 3 0.000287
1009  0 0.999468 1 2.8e-05 2 0.000216 3 0.000287
1010  0 0.99948 1 1.6e-05 2 0.000216 3 0.000287
1011  0 0.999487 1 9e-06 2 0.000216 3 0.000287
1012  0 0.999497 1 0.0 2 0.000216 3 0.000287
1013  0 0.999497 1 0.0 2 0.000216 3 0.000287
1014  0 0.999493 1 3e-06 2 0.000216 3 0.000287
1015  0 0.999485 1 1.2e-05 2 0.000216 3 0.000287
1016  0 0.999497 1 0.0 2 0.000216 3 0.000287
1017  0 0.999488 1 8e-06 2 0.000216 3 0.000287
1018  0 0.999494 1 3e-06 2 0.000216 3 0.000287
1019  0 0.999484 1 1.2e-05 2 0.000216 3 0.000287
1020  0 0.999493 1 4e-06 2 0.000216 3 0.000287
1021  0 0.999482 1 1.5e-05 2 0.000216 3 0.000287
1022  0 0.999497 1 0.0 2 0.000216 3 0.000287
1023  0 0.999497 1 0.0 2 0.000216 3 0.000287
1024  0 0.999491 1 6e-06 2 0.000216 3 0.000287
1025  0 0.999476 1 2e-05 2 0.000216 3 0.000287
1026  0 0.999487 1 1e-05 2 0.000216 3 0.000287
1027  0 0.999492 1 5e-06 2 0.000216 3 0.000287
1028  0 0.999497 1 0.0 2 0.000216 3 0.000287
1029  0 0.999457 1 4e-05 2 0.000216 3 0.000287
1030  0 0.999474 1 2.3e-05 2 0.000216 3 0.000287
1031  0 0.999479 1 1.8e-05 2 0.000216 3 0.000287
1032  0 0.999478 1 1.9e-05 2 0.000216 3 0.000287
1033  0 0.99949 1 7e-06 2 0.000216 3 0.000287
1034  0 0.999459 1 3.7e-05 2 0.000216 3 0.000287
1035  0 0.999447 1 4.9e-05 2 0.000216 3 0.000287
1036  0 0.999448 1 4.9e-05 2 0.000216 3 0.000287
1037  0 0.999442 1 5.4e-05 2 0.000216 3 0.000287
1038  0 0.999429 1 6.7e-05 2 0.000216 3 0.000287
1039  0 0.999496 1 1e-06 2 0.000216 3 0.000287
1040  0 0.999491 1 6e-06 2 0.000216 3 0.000287
1041  0 0.999479 1 1.8e-05 2 0.000216 3 0.000287
1042  0 0.999489 1 7e-06 2 0.000216 3 0.000287
1043  0 0.99949 1 7e-06 2 0.000216 3 0.000287
1044  0 0.999484 1 1.2e-05 2 0.000216 3 0.000287
1045  0 0.999465 1 3.1e-05 2 0.000216 3 0.000287
1046  0 0.999448 1 4.9e-05 2 0.000216 3 0.000287
1047  0 0.99946 1 3.6e-05 2 0.000216 3 0.000287
1048  0 0.999453 1 4.4e-05 2 0.000216 3 0.000287
1049  0 0.999435 1 6.1e-05 2 0.000216 3 0.000287
1050  0 0.999432 1 6.5e-05 2 0.000216 3 0.000287
1051  0 0.999468 1 2.9e-05 2 0.000216 3 0.000287
1052  0 0.999453 1 4.4e-05 2 0.000216 3 0.000287
1053  0 0.999458 1 3.8e-05 2 0.000216 3 0.000287
1054  0 0.999464 1 3.2e-05 2 0.000216 3 0.000287
1055  0 0.999445 1 5.1e-05 2 0.000216 3 0.000287
1056  0 0.999497 1 0.0 2 0.000216 3 0.000287
1057  0 0.999494 1 3e-06 2 0.000216 3 0.000287
1058  0 0.999497 1 0.0 2 0.000216 3 0.000287
1059  0 0.999497 1 0.0 2 0.000216 3 0.000287
1060  0 0.999491 1 5e-06 2 0.000216 3 0.000287
1061  0 0.999458 1 3.9e-05 2 0.000216 3 0.000287
1062  0 0.999497 1 0.0 2 0.000216 3 0.000287
1063  0 0.999497 1 0.0 2 0.000216 3 0.000287
1064  0 0.999489 1 8e-06 2 0.000216 3 0.000287
1065  0 0.999491 1 5e-06 2 0.000216 3 0.000287
1066  0 0.999491 1 5e-06 2 0.000216 3 0.000287
1067  0 0.999497 1 0.0 2 0.000216 3 0.000287
1068  0 0.999497 1 0.0 2 0.000216 3 0.000287
1069  0 0.999491 1 5e-06 2 0.000216 3 0.000287
1070  0 0.999497 1 0.0 2 0.000216 3 0.000287
1071  0 0.999493 1 4e-06 2 0.000216 3 0.000287
1072  0 0.999482 1 1.4e-05 2 0.000216 3 0.000287
1073  0 0.999485 1 1.2e-05 2 0.000216 3 0.000287
1074  0 0.999481 1 1.6e-05 2 0.000216 3 0.000287
1075  0 0.999473 1 2.4e-05 2 0.000216 3 0.000287
1076  0 0.999476 1 2.1e-05 2 0.000216 3 0.000287
1077  0 0.999475 1 2.1e-05 2 0.000216 3 0.000287
1078  0 0.999497 1 0.0 2 0.000216 3 0.000287
1079  0 0.999386 1 0.000111 2 0.000216 3 0.000287
1080  0 0.999493 1 4e-06 2 0.000216 3 0.000287
1081  0 0.999497 1 0.0 2 0.000216 3 0.000287
1082  0 0.99949 1 7e-06 2 0.000216 3 0.000287
1083  0 0.999497 1 0.0 2 0.000216 3 0.000287
1084  0 0.999462 1 3.5e-05 2 0.000216 3 0.000287
1085  0 0.999485 1 1.1e-05 2 0.000216 3 0.000287
1086  0 0.999486 1 1.1e-05 2 0.000216 3 0.000287
1087  0 0.999487 1 1e-05 2 0.000216 3 0.000287
1088  0 0.999489 1 8e-06 2 0.000216 3 0.000287
1089  0 0.999489 1 7e-06 2 0.000216 3 0.000287
1090  0 0.999488 1 8e-06 2 0.000216 3 0.000287
1091  0 0.999489 1 8e-06 2 0.000216 3 0.000287
1092  0 0.999487 1 9e-06 2 0.000216 3 0.000287
1093  0 0.999483 1 1.3e-05 2 0.000216 3 0.000287
1094  0 0.999484 1 1.3e-05 2 0.000216 3 0.000287
1095  0 0.999487 1 9e-06 2 0.000216 3 0.000287
1096  0 0.999489 1 8e-06 2 0.000216 3 0.000287
1097  0 0.99949 1 6e-06 2 0.000216 3 0.000287
1098  0 0.999482 1 1.4e-05 2 0.000216 3 0.000287
1099  0 0.99947 1 2.7e-05 2 0.000216 3 0.000287
1100  0 0.999479 1 1.7e-05 2 0.000216 3 0.000287
1101  0 0.999497 1 0.0 2 0.000216 3 0.000287
1102  0 0.999484 1 1.2e-05 2 0.000216 3 0.000287
1103  0 0.999486 1 1e-05 2 0.000216 3 0.000287
1104  0 0.999455 1 4.1e-05 2 0.000216 3 0.000287
1105  0 0.999449 1 4.8e-05 2 0.000216 3 0.000287
1106  0 0.999489 1 7e-06 2 0.000216 3 0.000287
1107  0 0.999473 1 2.4e-05 2 0.000216 3 0.000287
1108  0 0.999472 1 2.5e-05 2 0.000216 3 0.000287
1109  0 0.999481 1 1.6e-05 2 0.000216 3 0.000287
1110  0 0.999492 1 5e-06 2 0.000216 3 0.000287
1111  0 0.999488 1 9e-06 2 0.000216 3 0.000287
1112  0 0.999486 1 1.1e-05 2 0.000216 3 0.000287
1113  0 0.999497 1 0.0 2 0.000216 3 0.000287
1114  0 0.999488 1 8e-06 2 0.000216 3 0.000287
1115  0 0.999487 1 9e-06 2 0.000216 3 0.000287
1116  0 0.999493 1 3e-06 2 0.000216 3 0.000287
1117  0 0.999489 1 7e-06 2 0.000216 3 0.000287
1118  0 0.999483 1 1.3e-05 2 0.000216 3 0.000287
1119  0 0.999478 1 1.9e-05 2 0.000216 3 0.000287
1120  0 0.999486 1 1e-05 2 0.000216 3 0.000287
1121  0 0.999488 1 8e-06 2 0.000216 3 0.000287
1122  0 0.999487 1 9e-06 2 0.000216 3 0.000287
1123  0 0.99949 1 7e-06 2 0.000216 3 0.000287
1124  0 0.999488 1 8e-06 2 0.000216 3 0.000287
1125  0 0.999497 1 0.0 2 0.000216 3 0.000287
1126  0 0.999488 1 8e-06 2 0.000216 3 0.000287
1127  0 0.999487 1 1e-05 2 0.000216 3 0.000287
1128  0 0.999491 1 6e-06 2 0.000216 3 0.000287
1129  0 0.999483 1 1.4e-05 2 0.000216 3 0.000287
1130  0 0.999494 1 2e-06 2 0.000216 3 0.000287
1131  0 0.999497 1 0.0 2 0.000216 3 0.000287
1132  0 0.999497 1 0.0 2 0.000216 3 0.000287
1133  0 0.99949 1 7e-06 2 0.000216 3 0.000287
1134  0 0.999486 1 1e-05 2 0.000216 3 0.000287
1135  0 0.999497 1 0.0 2 0.000216 3 0.000287
1136  0 0.999496 1 0.0 2 0.000216 3 0.000287
1137  0 0.999496 1 1e-06 2 0.000216 3 0.000287
1138  0 0.999497 1 0.0 2 0.000216 3 0.000287
1139  0 0.999496 1 1e-06 2 0.000216 3 0.000287
1140  0 0.999497 1 0.0 2 0.000216 3 0.000287
1141  0 0.999497 1 0.0 2 0.000216 3 0.000287
1142  0 0.999495 1 2e-06 2 0.000216 3 0.000287
1143  0 0.999485 1 1.1e-05 2 0.000216 3 0.000287
1144  0 0.999489 1 7e-06 2 0.000216 3 0.000287
1145  0 0.999486 1 1e-05 2 0.000216 3 0.000287
1146  0 0.999484 1 1.3e-05 2 0.000216 3 0.000287
1147  0 0.999484 1 1.3e-05 2 0.000216 3 0.000287
1148  0 0.999489 1 7e-06 2 0.000216 3 0.000287
1149  0 0.999497 1 0.0 2 0.000216 3 0.000287
1150  0 0.999494 1 3e-06 2 0.000216 3 0.000287
1151  0 0.999496 1 1e-06 2 0.000216 3 0.000287
1152  0 0.999463 1 3.4e-05 2 0.000216 3 0.000287
1153  0 0.999497 1 0.0 2 0.000216 3 0.000287
1154  0 0.999476 1 2e-05 2 0.000216 3 0.000287
1155  0 0.999497 1 0.0 2 0.000216 3 0.000287
1156  0 0.999497 1 0.0 2 0.000216 3 0.000287
1157  0 0.999494 1 3e-06 2 0.000216 3 0.000287
1158  0 0.999474 1 2.3e-05 2 0.000216 3 0.000287
1159  0 0.999451 1 4.5e-05 2 0.000216 3 0.000287
1160  0 0.999457 1 3.9e-05 2 0.000216 3 0.000287
1161  0 0.99947 1 2.7e-05 2 0.000216 3 0.000287
1162  0 0.99948 1 1.6e-05 2 0.000216 3 0.000287
1163  0 0.999497 1 0.0 2 0.000216 3 0.000287
1164  0 0.999454 1 4.3e-05 2 0.000216 3 0.000287
1165  0 0.999492 1 4e-06 2 0.000216 3 0.000287
1166  0 0.999468 1 2.9e-05 2 0.000216 3 0.000287
1167  0 0.999497 1 0.0 2 0.000216 3 0.000287
1168  0 0.999454 1 4.3e-05 2 0.000216 3 0.000287
1169  0 0.999482 1 1.4e-05 2 0.000216 3 0.000287
1170  0 0.999468 1 2.9e-05 2 0.000216 3 0.000287
1171  0 0.99945 1 4.6e-05 2 0.000216 3 0.000287
1172  0 0.999477 1 2e-05 2 0.000216 3 0.000287
1173  0 0.999493 1 4e-06 2 0.000216 3 0.000287
1174  0 0.999493 1 3e-06 2 0.000216 3 0.000287
1175  0 0.999496 1 1e-06 2 0.000216 3 0.000287
1176  0 0.999497 1 0.0 2 0.000216 3 0.000287
1177  0 0.999488 1 8e-06 2 0.000216 3 0.000287
1178  0 6e-06 1 8.1e-05 2 0.030304 3 0.969609
1179  0 0.0 1 7.5e-05 2 0.000916 3 0.999009
1180  0 7.9e-05 1 0.000163 2 0.403751 3 0.596008
1181  0 2.8e-05 1 0.000106 2 0.143519 3 0.856348
1182  0 2.7e-05 1 0.000106 2 0.140821 3 0.859046
1183  0 7.8e-05 1 0.000162 2 0.400367 3 0.599393
1184  0 2.7e-05 1 0.000105 2 0.138017 3 0.861851
1185  0 0.001051 1 0.517487 2 0.480741 3 0.00072
1186  0 0.000362 1 0.183976 2 0.808868 3 0.006794
1187  0 0.000231 1 0.17588 2 0.818765 3 0.005123
1188  0 0.000359 1 0.180969 2 0.812287 3 0.006385
1189  0 0.000971 1 0.511937 2 0.486767 3 0.000325
1190  0 0.000187 1 0.032629 2 0.892864 3 0.074321
1191  0 0.000142 1 0.000541 2 0.731147 3 0.26817
1192  0 0.000143 1 0.000235 2 0.732889 3 0.266734
1193  0 0.00023 1 0.171198 2 0.824725 3 0.003847
1194  0 0.000187 1 0.028397 2 0.900984 3 0.070432
1195  0 0.000143 1 0.000264 2 0.735382 3 0.264211
1196  0 0.000145 1 0.000486 2 0.738885 3 0.260485
1197  0 0.000306 1 0.520188 2 0.47927 3 0.000236
1198  0 0.000228 1 0.161725 2 0.835331 3 0.002715
1199  0 0.000233 1 0.149813 2 0.849003 3 0.000951
1200  0 0.000228 1 0.158256 2 0.839855 3 0.00166
1201  0 0.000587 1 0.506345 2 0.492883 3 0.000185
1202  0 0.000188 1 0.024869 2 0.912245 3 0.062698
1203  0 0.000146 1 0.000237 2 0.74435 3 0.255268
1204  0 0.998554 1 0.000941 2 0.000216 3 0.000288
1205  0 0.999195 1 0.000302 2 0.000216 3 0.000288
1206  0 0.999118 1 0.000378 2 0.000216 3 0.000288
1207  0 0.975598 1 0.023877 2 0.00021 3 0.000315
1208  0 0.873807 1 0.125575 2 0.000186 3 0.000432
1209  0 0.999257 1 0.000239 2 0.000216 3 0.000288
1210  0 0.999468 1 2.9e-05 2 0.000216 3 0.000287
1211  0 0.876725 1 0.12262 2 0.000227 3 0.000429
1212  0 0.977813 1 0.021655 2 0.00022 3 0.000312
1213  0 0.878908 1 0.120413 2 0.000253 3 0.000426
1214  0 0.999286 1 0.00021 2 0.000216 3 0.000288
1215  0 0.999497 1 0.0 2 0.000216 3 0.000287
1216  0 0.976916 1 0.02256 2 0.000211 3 0.000313
1217  0 0.632125 1 0.367036 2 0.000128 3 0.00071
1218  0 0.875821 1 0.123541 2 0.000208 3 0.00043
1219  0 0.875599 1 0.123776 2 0.000195 3 0.00043
1220  0 0.625736 1 0.373411 2 0.000135 3 0.000718
1221  0 0.310248 1 0.688349 2 0.000322 3 0.00108
1222  0 0.31145 1 0.686715 2 0.000757 3 0.001078
1223  0 0.098277 1 0.872927 2 0.027541 3 0.001255
1224  0 0.011713 1 0.821813 2 0.16547 3 0.001004
1225  0 0.310684 1 0.686971 2 0.001267 3 0.001077
1226  0 0.010251 1 0.830125 2 0.158544 3 0.00108
1227  0 0.312424 1 0.686213 2 0.000286 3 0.001078
1228  0 0.101517 1 0.872246 2 0.024979 3 0.001258
1229  0 0.010186 1 0.834181 2 0.154599 3 0.001034
1230  0 0.010313 1 0.841522 2 0.147112 3 0.001053
1231  0 0.999269 1 0.000227 2 0.000216 3 0.000288
1232  0 0.980337 1 0.019129 2 0.000225 3 0.000309
1233  0 0.657481 1 0.341552 2 0.000287 3 0.000681
1234  0 0.887425 1 0.111869 2 0.000289 3 0.000416
1235  0 0.889615 1 0.109692 2 0.00028 3 0.000414
1236  0 0.883475 1 0.115823 2 0.000281 3 0.000421
1237  0 0.645264 1 0.353867 2 0.000174 3 0.000695
1238  0 0.318585 1 0.680291 2 5.3e-05 3 0.001071
1239  0 0.326254 1 0.672629 2 5.5e-05 3 0.001062
1240  0 0.322342 1 0.676537 2 5.4e-05 3 0.001067
1241  0 0.096895 1 0.885031 2 0.01679 3 0.001284
1242  0 0.010411 1 0.848619 2 0.139893 3 0.001078
1243  0 0.332894 1 0.665995 2 5.6e-05 3 0.001055
1244  0 0.101344 1 0.880828 2 0.016549 3 0.001279
1245  0 0.011055 1 0.851768 2 0.136093 3 0.001084
1246  0 0.013405 1 0.842052 2 0.143485 3 0.001058
1247  0 0.009896 1 0.85445 2 0.134561 3 0.001094
1248  0 0.999497 1 0.0 2 0.000216 3 0.000287
1249  0 0.999301 1 0.000195 2 0.000216 3 0.000288
1250  0 0.999497 1 0.0 2 0.000216 3 0.000287
1251  0 0.98161 1 0.017866 2 0.000216 3 0.000308
1252  0 0.890232 1 0.109092 2 0.000263 3 0.000413
1253  0 0.999229 1 0.000268 2 0.000216 3 0.000288
1254  0 0.999365 1 0.000132 2 0.000216 3 0.000287
1255  0 0.89159 1 0.107796 2 0.000203 3 0.000412
1256  0 0.979867 1 0.019611 2 0.000212 3 0.00031
1257  0 0.891546 1 0.107852 2 0.00019 3 0.000412
1258  0 0.999236 1 0.000261 2 0.000216 3 0.000288
1259  0 0.999151 1 0.000346 2 0.000216 3 0.000288
1260  0 0.978993 1 0.020485 2 0.000211 3 0.000311
1261  0 0.67451 1 0.324678 2 0.000151 3 0.000661
1262  0 0.89056 1 0.108802 2 0.000226 3 0.000413
1263  0 0.891806 1 0.10754 2 0.000244 3 0.000411
1264  0 0.665285 1 0.333782 2 0.000261 3 0.000672
1265  0 0.359195 1 0.637318 2 0.002468 3 0.001018
1266  0 0.350142 1 0.647167 2 0.00166 3 0.001031
1267  0 0.106371 1 0.863741 2 0.028645 3 0.001243
1268  0 0.015652 1 0.827281 2 0.156044 3 0.001024
1269  0 0.340337 1 0.658137 2 0.000481 3 0.001045
1270  0 0.0 1 7.5e-05 2 0.000529 3 0.999396
1271  0 2.6e-05 1 0.000107 2 0.134043 3 0.865824
1272  0 5e-06 1 8.1e-05 2 0.028217 3 0.971696
1273  0 0.0 1 7.5e-05 2 0.001075 3 0.99885
1274  0 0.0 1 7.5e-05 2 0.002043 3 0.997881
1275  0 0.000226 1 0.148832 2 0.849498 3 0.001444
1276  0 0.000195 1 0.023278 2 0.91942 3 0.057106
1277  0 7.4e-05 1 0.000167 2 0.382413 3 0.617346
1278  0 0.000146 1 0.00052 2 0.743405 3 0.255929
1279  0 0.000146 1 0.000267 2 0.743145 3 0.256443
1280  0 0.000146 1 0.000237 2 0.744962 3 0.254655
1281  0 7.7e-05 1 0.000161 2 0.393862 3 0.605901
1282  0 2.6e-05 1 0.00011 2 0.131773 3 0.868092
1283  0 2.5e-05 1 0.000121 2 0.129145 3 0.870709
1284  0 2.5e-05 1 0.000117 2 0.129029 3 0.870829
1285  0 5e-06 1 8.1e-05 2 0.026857 3 0.973057
1286  0 0.0 1 7.5e-05 2 0.00153 3 0.998395
1287  0 2.5e-05 1 0.00012 2 0.127654 3 0.872202
1288  0 5e-06 1 8.4e-05 2 0.027205 3 0.972706
1289  0 0.0 1 7.5e-05 2 0.0013 3 0.998625
1290  0 0.0 1 7.5e-05 2 0.00086 3 0.999065
1291  0 0.0 1 7.5e-05 2 0.001209 3 0.998716
1292  0 0.999261 1 0.000235 2 0.000216 3 0.000288
1293  0 0.979519 1 0.019959 2 0.000211 3 0.00031
1294  0 0.689804 1 0.30929 2 0.000262 3 0.000644
1295  0 0.892133 1 0.107266 2 0.00019 3 0.000411
1296  0 0.892375 1 0.107024 2 0.00019 3 0.000411
1297  0 0.892747 1 0.106649 2 0.000194 3 0.00041
1298  0 0.685199 1 0.313948 2 0.000204 3 0.000649
1299  0 0.002488 1 0.47151 2 0.525831 3 0.000171
1300  0 0.028703 1 0.740545 2 0.229931 3 0.000821
1301  0 0.029273 1 0.738003 2 0.231909 3 0.000815
1302  0 0.02525 1 0.759385 2 0.2145 3 0.000865
1303  0 0.026999 1 0.749164 2 0.222997 3 0.000841
1304  0 0.001878 1 0.469425 2 0.528568 3 0.000129
1305  0 0.13887 1 0.799448 2 0.060543 3 0.00114
1306  0 0.384707 1 0.607272 2 0.007042 3 0.000979
1307  0 0.385728 1 0.605938 2 0.007357 3 0.000977
1308  0 0.380814 1 0.612269 2 0.005932 3 0.000985
1309  0 0.023175 1 0.773032 2 0.202892 3 0.000901
1310  0 0.132664 1 0.813889 2 0.052282 3 0.001165
1311  0 0.374611 1 0.619664 2 0.004729 3 0.000995
1312  0 0.36632 1 0.629648 2 0.003023 3 0.001009
1313  0 0.001555 1 0.460158 2 0.538203 3 8.4e-05
1314  0 0.020706 1 0.791391 2 0.186962 3 0.000942
1315  0 0.018003 1 0.810825 2 0.170187 3 0.000985
1316  0 0.000995 1 0.480926 2 0.517903 3 0.000175
1317  0 0.121264 1 0.840023 2 0.037504 3 0.001209
1318  0 0.000227 1 0.152356 2 0.844926 3 0.002491
1319  0 0.000227 1 0.156485 2 0.838842 3 0.004445
1320  0 0.000226 1 0.152183 2 0.84375 3 0.003841
1321  0 0.000193 1 0.027406 2 0.914467 3 0.057934
1322  0 0.000144 1 0.000464 2 0.738911 3 0.26048
1323  0 0.000253 1 0.177837 2 0.814548 3 0.007362
1324  0 0.00023 1 0.174695 2 0.818404 3 0.006671
1325  0 0.000142 1 0.001529 2 0.728354 3 0.269975
1326  0 0.000189 1 0.04143 2 0.885961 3 0.072419
1327  0 0.000142 1 0.00205 2 0.724099 3 0.27371
1328  0 0.00023 1 0.170211 2 0.823532 3 0.006027
1329  0 0.000234 1 0.164568 2 0.829791 3 0.005406
1330  0 0.00019 1 0.034331 2 0.901751 3 0.063728
1331  0 7.2e-05 1 0.000163 2 0.371914 3 0.62785
1332  0 0.000143 1 0.000747 2 0.735393 3 0.263716
1333  0 0.000143 1 0.000844 2 0.734963 3 0.26405
1334  0 7.3e-05 1 0.000157 2 0.374182 3 0.625589
1335  0 2.6e-05 1 0.000112 2 0.135278 3 0.864584
1336  0 2.5e-05 1 0.000115 2 0.131093 3 0.868766
1337  0 5e-06 1 8.6e-05 2 0.02676 3 0.973149
1338  0 0.0 1 7.5e-05 2 0.000646 3 0.999279
1339  0 2.5e-05 1 0.000119 2 0.12936 3 0.870496
1340  0 0.000257 1 0.178648 2 0.813664 3 0.007431
1341  0 0.000189 1 0.046066 2 0.875444 3 0.078301
1342  0 7.6e-05 1 0.000229 2 0.390224 3 0.609471
1343  0 0.000141 1 0.00325 2 0.715955 3 0.280655
1344  0 0.00014 1 0.003561 2 0.714745 3 0.281554
1345  0 0.000141 1 0.002712 2 0.71942 3 0.277727
1346  0 7.5e-05 1 0.000159 2 0.384896 3 0.614871
1347  0 0.0 1 7.5e-05 2 0.001225 3 0.998699
1348  0 0.0 1 7.5e-05 2 0.001363 3 0.998562
1349  0 0.0 1 7.5e-05 2 0.000757 3 0.999168
1350  0 0.0 1 7.5e-05 2 0.001057 3 0.998868
1351  0 6e-06 1 8.1e-05 2 0.030722 3 0.969191
1352  0 2.8e-05 1 0.000106 2 0.145191 3 0.854674
1353  0 2.8e-05 1 0.000106 2 0.144295 3 0.85557
1354  0 2.8e-05 1 0.000106 2 0.145225 3 0.85464
1355  0 0.0 1 7.5e-05 2 0.000644 3 0.999281
1356  0 6e-06 1 8.3e-05 2 0.030101 3 0.96981
1357  0 2.8e-05 1 0.000107 2 0.144594 3 0.855271
1358  0 2.7e-05 1 0.000109 2 0.141218 3 0.858645
1359  0 0.0 1 7.5e-05 2 0.000412 3 0.999513
1360  0 0.0 1 7.5e-05 2 0.000375 3 0.999549
1361  0 6e-06 1 8.5e-05 2 0.028616 3 0.971294
1362  0 6e-06 1 8.1e-05 2 0.029967 3 0.969946
1363  0 0.0 1 7.5e-05 2 0.0014 3 0.998524
1364  0 7.6e-05 1 0.00016 2 0.389985 3 0.609779
1365  0 2.8e-05 1 0.000106 2 0.142277 3 0.85759
1366  0 2.7e-05 1 0.000105 2 0.137364 3 0.862504
1367  0 7.5e-05 1 0.000166 2 0.387172 3 0.612587
1368  0 2.6e-05 1 0.000104 2 0.131319 3 0.868552
1369  0 0.002506 1 0.472246 2 0.525096 3 0.000151
1370  0 0.000258 1 0.17832 2 0.814199 3 0.007223
1371  0 0.00023 1 0.173434 2 0.820611 3 0.005725
1372  0 0.000253 1 0.176063 2 0.817222 3 0.006462
1373  0 0.001968 1 0.471634 2 0.526299 3 9.9e-05
1374  0 0.000189 1 0.047117 2 0.874475 3 0.078219
1375  0 0.000141 1 0.00376 2 0.714658 3 0.281442
1376  0 0.000141 1 0.003886 2 0.714889 3 0.281085
1377  0 0.000239 1 0.174974 2 0.82024 3 0.004547
1378  0 0.000192 1 0.047786 2 0.878206 3 0.073816
1379  0 0.000141 1 0.004181 2 0.715403 3 0.280275
1380  0 0.000141 1 0.004824 2 0.713216 3 0.281819
1381  0 0.000991 1 0.461923 2 0.537013 3 7.3e-05
1382  0 0.000232 1 0.173195 2 0.823504 3 0.00307
1383  0 0.000245 1 0.182723 2 0.815449 3 0.001583
1384  0 0.00024 1 0.175554 2 0.822059 3 0.002147
1385  0 0.00056 1 0.445908 2 0.553501 3 3.1e-05
1386  0 0.000197 1 0.048517 2 0.886976 3 0.06431
1387  0 0.000142 1 0.004874 2 0.716685 3 0.2783
1388  0 0.99931 1 0.000186 2 0.000216 3 0.000288
1389  0 0.999497 1 0.0 2 0.000216 3 0.000287
1390  0 0.999451 1 4.6e-05 2 0.000216 3 0.000287
1391  0 0.97992 1 0.019558 2 0.000211 3 0.00031
1392  0 0.8933 1 0.106099 2 0.000191 3 0.00041
1393  0 0.999206 1 0.000291 2 0.000216 3 0.000288
1394  0 0.999379 1 0.000117 2 0.000216 3 0.000287
1395  0 0.902764 1 0.096645 2 0.000193 3 0.000399
1396  0 0.985353 1 0.014131 2 0.000213 3 0.000304
1397  0 0.910843 1 0.088545 2 0.000223 3 0.000389
1398  0 0.99948 1 1.7e-05 2 0.000216 3 0.000287
1399  0 0.999432 1 6.4e-05 2 0.000216 3 0.000287
1400  0 0.982426 1 0.017055 2 0.000212 3 0.000307
1401  0 0.700604 1 0.298486 2 0.000278 3 0.000632
1402  0 0.899332 1 0.100073 2 0.000192 3 0.000403
1403  0 0.895825 1 0.103565 2 0.000202 3 0.000407
1404  0 0.691996 1 0.307112 2 0.000251 3 0.000641
1405  0 0.38243 1 0.609486 2 0.007095 3 0.000989
1406  0 0.385036 1 0.606616 2 0.007366 3 0.000982
1407  0 0.139217 1 0.795852 2 0.063796 3 0.001135
1408  0 0.028632 1 0.738318 2 0.232234 3 0.000815
1409  0 0.385599 1 0.605992 2 0.00743 3 0.000978
1410  0 0.027227 1 0.740459 2 0.231486 3 0.000829
1411  0 0.379645 1 0.612332 2 0.007027 3 0.000996
1412  0 0.129816 1 0.806043 2 0.062977 3 0.001163
1413  0 0.024553 1 0.744989 2 0.229597 3 0.00086
1414  0 0.019942 1 0.751708 2 0.227445 3 0.000904
1415  0 0.999407 1 9e-05 2 0.000216 3 0.000287
1416  0 0.989342 1 0.010146 2 0.000214 3 0.000299
1417  0 0.718583 1 0.279359 2 0.001445 3 0.000613
1418  0 0.915014 1 0.084346 2 0.000255 3 0.000384
1419  0 0.913561 1 0.085821 2 0.000232 3 0.000386
1420  0 0.916154 1 0.083234 2 0.000229 3 0.000383
1421  0 0.708749 1 0.289835 2 0.000791 3 0.000624
1422  0 0.372597 1 0.619889 2 0.006504 3 0.001009
1423  0 0.348574 1 0.644306 2 0.006077 3 0.001042
1424  0 0.361909 1 0.631043 2 0.006022 3 0.001025
1425  0 0.112601 1 0.823661 2 0.062533 3 0.001204
1426  0 0.017224 1 0.754292 2 0.22755 3 0.000933
1427  0 0.336391 1 0.65632 2 0.006232 3 0.001058
1428  0 0.086769 1 0.850512 2 0.061475 3 0.001244
1429  0 0.012549 1 0.756323 2 0.23018 3 0.000947
1430  0 0.009616 1 0.756402 2 0.233049 3 0.000933
1431  0 0.014965 1 0.757249 2 0.226826 3 0.000959
1432  0 0.999497 1 0.0 2 0.000216 3 0.000287
1433  0 0.999201 1 0.000295 2 0.000216 3 0.000288
1434  0 0.999497 1 0.0 2 0.000216 3 0.000287
1435  0 0.991792 1 0.007697 2 0.000214 3 0.000296
1436  0 0.916593 1 0.082803 2 0.000221 3 0.000383
1437  0 0.998881 1 0.000615 2 0.000216 3 0.000288
1438  0 0.999065 1 0.000431 2 0.000216 3 0.000288
1439  0 0.895105 1 0.104297 2 0.000191 3 0.000407
1440  0 0.983331 1 0.01615 2 0.000212 3 0.000306
1441  0 0.889525 1 0.109868 2 0.000194 3 0.000414
1442  0 0.999407 1 9e-05 2 0.000216 3 0.000287
1443  0 0.999484 1 1.3e-05 2 0.000216 3 0.000287
1444  0 0.988879 1 0.010608 2 0.000214 3 0.0003
1445  0 0.676698 1 0.322472 2 0.000167 3 0.000662
1446  0 0.909067 1 0.090347 2 0.000194 3 0.000392
1447  0 0.915355 1 0.084055 2 0.000206 3 0.000384
1448  0 0.703488 1 0.29512 2 0.000761 3 0.000631
1449  0 0.312649 1 0.68091 2 0.005358 3 0.001083
1450  0 0.319331 1 0.673845 2 0.005748 3 0.001076
1451  0 0.075225 1 0.867721 2 0.055783 3 0.001271
1452  0 0.007844 1 0.759892 2 0.231334 3 0.00093
1453  0 0.326228 1 0.666199 2 0.006505 3 0.001068
1454  0 0.0 1 7.5e-05 2 0.001504 3 0.99842
1455  0 2.4e-05 1 0.000102 2 0.124622 3 0.875252
1456  0 5e-06 1 8e-05 2 0.025025 3 0.97489
1457  0 0.0 1 7.5e-05 2 0.001306 3 0.998619
1458  0 0.0 1 7.5e-05 2 0.00013 3 0.999795
1459  0 0.000235 1 0.190795 2 0.807464 3 0.001506
1460  0 0.000199 1 0.052169 2 0.887795 3 0.059836
1461  0 7.3e-05 1 0.000196 2 0.377243 3 0.622487
1462  0 0.000143 1 0.00691 2 0.717999 3 0.274948
1463  0 0.000144 1 0.007623 2 0.722529 3 0.269704
1464  0 0.000143 1 0.005756 2 0.717553 3 0.276548
1465  0 7.4e-05 1 0.000177 2 0.382346 3 0.617402
1466  0 2.2e-05 1 0.000101 2 0.115146 3 0.884731
1467  0 2e-05 1 9.7e-05 2 0.104566 3 0.895316
1468  0 2.1e-05 1 0.000101 2 0.109837 3 0.890041
1469  0 4e-06 1 7.9e-05 2 0.018346 3 0.981572
1470  0 0.0 1 7.5e-05 2 0.0004 3 0.999525
1471  0 2e-05 1 9.8e-05 2 0.103572 3 0.89631
1472  0 2e-06 1 8.5e-05 2 0.010764 3 0.989149
1473  0 0.0 1 7.5e-05 2 0.000232 3 0.999694
1474  0 0.0 1 7.5e-05 2 0.000607 3 0.999318
1475  0 0.0 1 7.5e-05 2 0.00013 3 0.999795
1476  0 0.981824 1 0.017656 2 0.000212 3 0.000308
1477  0 0.642969 1 0.355991 2 0.000342 3 0.000698
1478  0 0.881496 1 0.117885 2 0.000196 3 0.000423
1479  0 0.88602 1 0.113355 2 0.000207 3 0.000418
1480  0 0.65678 1 0.342298 2 0.000239 3 0.000684
1481  0 0.000495 1 0.562851 2 0.436325 3 0.000329
1482  0 0.006833 1 0.796913 2 0.19532 3 0.000934
1483  0 0.006294 1 0.789373 2 0.203395 3 0.000938
1484  0 0.006661 1 0.794384 2 0.198017 3 0.000938
1485  0 0.000311 1 0.545409 2 0.453995 3 0.000284
1486  0 0.081251 1 0.86472 2 0.052799 3 0.00123
1487  0 0.30034 1 0.69404 2 0.004529 3 0.00109
1488  0 0.300306 1 0.693999 2 0.004604 3 0.001092
1489  0 0.006194 1 0.783599 2 0.209262 3 0.000944
1490  0 0.076647 1 0.869037 2 0.053067 3 0.001248
1491  0 0.300494 1 0.693879 2 0.004533 3 0.001094
1492  0 0.305396 1 0.688756 2 0.004758 3 0.00109
1493  0 0.000372 1 0.508246 2 0.491192 3 0.00019
1494  0 0.006773 1 0.775812 2 0.216472 3 0.000943
1495  0 0.006591 1 0.769893 2 0.222577 3 0.00094
1496  0 0.000334 1 0.459063 2 0.540538 3 6.5e-05
1497  0 0.074565 1 0.868607 2 0.055569 3 0.001259
1498  0 0.000238 1 0.201014 2 0.797935 3 0.000813
1499  0 0.000243 1 0.224597 2 0.774744 3 0.000415
1500  0 0.00024 1 0.212454 2 0.786499 3 0.000808
1501  0 0.000197 1 0.059356 2 0.886477 3 0.053971
1502  0 0.000145 1 0.008569 2 0.725845 3 0.265441
1503  0 0.000257 1 0.279224 2 0.715686 3 0.004833
1504  0 0.000252 1 0.27557 2 0.719836 3 0.004341
1505  0 0.000146 1 0.012678 2 0.726125 3 0.26105
1506  0 0.0002 1 0.079503 2 0.860104 3 0.060193
1507  0 0.000146 1 0.014224 2 0.720978 3 0.264652
1508  0 0.00025 1 0.263021 2 0.734399 3 0.002329
1509  0 0.000247 1 0.245639 2 0.753198 3 0.000916
1510  0 0.000199 1 0.06901 2 0.87538 3 0.055411
1511  0 7.6e-05 1 0.000388 2 0.390502 3 0.609034
1512  0 0.000146 1 0.011457 2 0.728495 3 0.259902
1513  0 0.000145 1 0.01036 2 0.725248 3 0.264247
1514  0 7.4e-05 1 0.000373 2 0.380307 3 0.619246
1515  0 2.3e-05 1 0.000107 2 0.119758 3 0.880111
1516  0 2.2e-05 1 9.9e-05 2 0.113652 3 0.886227
1517  0 1e-06 1 9.3e-05 2 0.007233 3 0.992673
1518  0 0.0 1 7.6e-05 2 0.000811 3 0.999114
1519  0 2.1e-05 1 9.8e-05 2 0.108382 3 0.891499
1520  0 0.000201 1 0.086702 2 0.850515 3 0.062582
1521  0 7.8e-05 1 0.000796 2 0.401323 3 0.597803
1522  0 0.000146 1 0.016189 2 0.719084 3 0.264581
1523  0 0.000146 1 0.016302 2 0.71831 3 0.265242
1524  0 7.7e-05 1 0.000575 2 0.396048 3 0.603299
1525  0 0.0 1 7.5e-05 2 0.000588 3 0.999337
1526  0 0.0 1 7.5e-05 2 0.00013 3 0.999795
1527  0 0.0 1 7.6e-05 2 0.000352 3 0.999573
1528  0 4e-06 1 8e-05 2 0.01951 3 0.980406
1529  0 2.7e-05 1 0.000112 2 0.137357 3 0.862505
1530  0 2.6e-05 1 0.000104 2 0.135154 3 0.864715
1531  0 0.0 1 7.5e-05 2 0.00013 3 0.999795
1532  0 3e-06 1 9e-05 2 0.016981 3 0.982926
1533  0 2.6e-05 1 0.000104 2 0.134005 3 0.865865
1534  0 2.6e-05 1 0.000107 2 0.1334 3 0.866467
1535  0 0.0 1 7.5e-05 2 0.000411 3 0.999514
1536  0 0.0 1 7.5e-05 2 0.000588 3 0.999337
1537  0 2e-06 1 9.7e-05 2 0.010247 3 0.989654
#####################################################
