#####################################################
# (c) Binh Le (bhle2@cs.uh.edu)
#
# Running time: 1.562 (s)
# Repeat      : 21
#
#####################################################
*OBJFILENAME
..\Data\cube.obj
#####################################################
*BONEANIMATION, BONEINDEX=0, NFRAMES=1
0 0.998827 0.0287695 0.0389397 -0.0321788 0.0309245 0.239727 -0.970348 0.858232 -0.0372513 0.970414 0.238556 -0.0986176 0 0 0 1
#####################################################
*BONEANIMATION, BONEINDEX=1, NFRAMES=1
0 0.761061 -0.602614 0.240089 0.0177462 0.152504 0.525963 0.836723 -0.0236442 -0.630499 -0.600183 0.492191 0.29237 0 0 0 1
#####################################################
*BONEANIMATION, BONEINDEX=2, NFRAMES=1
0 0.940834 0.030388 0.337501 -0.191419 -0.0249155 0.999479 -0.0205355 0.00419118 -0.337949 0.0109115 0.941101 0.014855 0 0 0 1
#####################################################
*BONEANIMATION, BONEINDEX=3, NFRAMES=1
0 0.411964 -0.283082 0.866112 0.236317 0.863662 -0.181699 -0.470185 0.0761799 0.290472 0.941727 0.169634 -0.347033 0 0 0 1
#####################################################
*VERTEXWEIGHTS, NVERTICES=1538  #(vtx0Based bone0 w0 bone1 w1 ... )
0  1 0.997387 3 0.0026132
1  1 0.998272 3 0.00172791
2  1 0.997826 3 0.00217393
3  1 0.99608 0 0.00335739 3 0.000562779
4  3 0.997338 1 0.00266223
5  3 0.997429 0 0.00198158 1 0.000589848
6  3 0.998811 1 0.0011886
7  3 0.999576 1 0.000424058
8  0 0.520045 2 0.474538 3 0.00541643
9  3 0.99823 1 0.00176966
10  0 0.52704 2 0.441022 1 0.0289315 3 0.00300638
11  1 0.997425 3 0.00257488
12  0 0.535813 2 0.464187
13  1 0.997957 3 0.00193361 0 0.000109465
14  1 0.988831 0 0.00986997 3 0.00129945
15  1 0.997871 3 0.00212895
16  1 0.995897 2 0.00268941 3 0.00141352
17  0 0.524898 2 0.475102
18  3 0.99915 1 0.000849685
19  0 0.559621 2 0.435193 1 0.00518616
20  3 0.998279 1 0.000913274 2 0.000808088
21  3 0.998503 2 0.000722312 0 0.000448931 1 0.000325641
22  3 0.996983 1 0.00209173 2 0.000576354 0 0.000348845
23  2 0.48156 0 0.48335 1 0.0327304 3 0.0023604
24  2 0.51854 0 0.462469 1 0.0152609 3 0.00372938
25  2 0.562213 0 0.429013 1 0.00768903 3 0.00108525
26  1 0.617646 2 0.374071 0 0.00481023 3 0.00347296
27  0 0.530797 2 0.431861 1 0.0299728 3 0.00736949
28  1 0.605397 2 0.389725 3 0.00336716 0 0.00151039
29  3 0.99857 1 0.00142984
30  3 0.656857 0 0.343143
31  3 0.648698 0 0.351302
32  3 0.646542 0 0.353458
33  3 0.997822 1 0.00217812
34  3 0.621442 0 0.378558
35  1 0.997365 3 0.00263495
36  1 0.609294 2 0.380683 0 0.00602436 3 0.00399786
37  1 0.57275 2 0.425471 3 0.0017786
38  1 0.576747 2 0.419498 3 0.00375516
39  1 0.99737 3 0.00244546 2 0.000184099
40  0 0.533569 2 0.466431
41  3 0.651535 0 0.348465
42  1 0.997675 3 0.00232549
43  1 0.997772 3 0.00222763
44  1 0.993505 0 0.00582018 3 0.000674552
45  1 0.99703 3 0.00172695 0 0.00124286
46  1 0.996902 0 0.00177465 3 0.00132344
47  1 0.997482 3 0.00209133 0 0.000426963
48  1 0.998143 3 0.00185658
49  1 0.997632 3 0.00236793
50  1 0.997943 3 0.00205726
51  1 0.998268 3 0.00163451 2 9.71379e-005
52  1 0.998171 3 0.00182931
53  1 0.998082 3 0.00191809
54  1 0.997111 3 0.00169519 2 0.00119358
55  1 0.994264 2 0.00310784 0 0.00165194 3 0.000976355
56  1 0.594768 2 0.404563 3 0.000669664
57  0 0.538148 2 0.461852
58  3 0.999361 1 0.000639049
59  3 0.687117 0 0.312883
60  3 0.757718 0 0.242282
61  3 0.661585 0 0.338415
62  3 0.998967 1 0.00103326
63  1 0.621338 2 0.378617 3 4.50548e-005
64  1 0.603527 2 0.396473
65  1 0.606595 2 0.393405
66  0 0.552532 2 0.44545 1 0.00201794
67  3 0.632737 0 0.366898 1 0.000364882
68  3 0.998254 1 0.00147079 2 0.000275037
69  3 0.997783 1 0.00192399 2 0.000293069
70  3 0.99871 1 0.00129012
71  3 0.99877 1 0.0010256 0 0.000204712
72  3 0.998913 1 0.000729508 0 0.000357037
73  3 0.997736 1 0.00121538 2 0.00104887
74  3 0.997198 1 0.00280174
75  3 0.999234 1 0.00041408 0 0.000244346 2 0.0001078
76  3 0.998191 0 0.000981804 1 0.000827137
77  3 0.997593 0 0.00101015 1 0.00091513 2 0.000482103
78  3 0.99783 2 0.00174707 1 0.000422627
79  3 0.996854 0 0.00181289 1 0.00133314
80  0 0.517302 2 0.445427 1 0.0363354 3 0.000935857
81  1 0.612077 2 0.384583 3 0.0023555 0 0.000984122
82  3 0.636232 0 0.363768
83  3 0.662691 0 0.337309
84  3 0.680576 0 0.319424
85  1 0.632662 2 0.365542 3 0.00179633
86  3 0.690447 0 0.309553
87  2 0.522351 0 0.451966 1 0.0219534 3 0.00372946
88  1 0.627962 2 0.370842 3 0.00119615
89  1 0.617501 2 0.381908 3 0.000591357
90  2 0.524636 0 0.459414 1 0.013056 3 0.00289402
91  1 0.623118 2 0.376412 3 0.000469782
92  3 0.705055 0 0.294902 1 4.31681e-005
93  3 0.711678 0 0.28803 1 0.000291499
94  3 0.6618 0 0.337783 1 0.000417299
95  1 0.628507 2 0.371267 3 0.000225281
96  2 0.473742 0 0.520821 1 0.00543678
97  1 0.609906 2 0.390094
98  1 0.969212 2 0.0263389 3 0.0031705 0 0.00127838
99  1 0.609763 2 0.38383 0 0.0030388 3 0.00336834
100  1 0.968949 2 0.026738 3 0.00326003 0 0.0010528
101  0 0.524433 2 0.458724 1 0.00569426 3 0.0111492
102  2 0.848648 1 0.108885 0 0.0380847 3 0.00438181
103  2 0.857198 1 0.0969259 0 0.039028 3 0.00684826
104  2 0.844428 1 0.113235 0 0.0390777 3 0.00325925
105  0 0.533333 2 0.430802 1 0.0318135 3 0.00405191
106  2 0.851874 1 0.109722 0 0.0355701 3 0.00283413
107  3 0.998702 1 0.00129784
108  3 0.990867 0 0.00709798 2 0.0020347
109  3 0.989073 0 0.00988356 1 0.00104336
110  3 0.993895 0 0.00341052 2 0.00269411
111  3 0.995376 0 0.00224291 2 0.0023811
112  3 0.998413 1 0.00158702
113  3 0.65658 0 0.34342
114  0 0.928234 3 0.0626339 1 0.00824303 2 0.000889177
115  0 0.918255 3 0.0709319 1 0.00781771 2 0.00299532
116  0 0.926511 3 0.0591776 2 0.00716061 1 0.00715085
117  3 0.989026 0 0.00804103 2 0.00293277
118  3 0.655338 0 0.344662
119  0 0.919628 3 0.0553854 2 0.0249865
120  0 0.880531 3 0.109685 2 0.00978393
121  3 0.998032 1 0.001968
122  3 0.98247 0 0.0145151 2 0.00287848 1 0.00013666
123  3 0.971932 0 0.0249134 1 0.00305276 2 0.000101774
124  3 0.975796 0 0.0212664 2 0.00163206 1 0.00130553
125  3 0.997548 1 0.00245196
126  3 0.627645 0 0.372355
127  0 0.879352 3 0.106919 2 0.0114371 1 0.00229179
128  1 0.997367 3 0.00263256
129  1 0.971819 2 0.0238477 3 0.0031039 0 0.00122912
130  1 0.979533 2 0.0174112 3 0.00305575
131  1 0.973945 2 0.0225376 3 0.00305221 0 0.00046484
132  1 0.997383 3 0.00261734
133  1 0.618883 2 0.370949 0 0.00645935 3 0.00370782
134  2 0.870347 0 0.0485106 1 0.071545 3 0.00959791
135  1 0.970298 2 0.027746 3 0.00195585
136  1 0.969009 2 0.028393 3 0.00259801
137  1 0.997492 3 0.002337 2 0.000171058
138  2 0.882187 0 0.0490157 1 0.0631125 3 0.00568452
139  1 0.572939 2 0.424093 3 0.00296776
140  2 0.884094 0 0.046642 1 0.0646828 3 0.00458094
141  1 0.973266 2 0.0237761 3 0.00295745
142  1 0.97766 2 0.0192758 3 0.00306449
143  1 0.99749 3 0.00251002
144  1 0.593951 2 0.400186 3 0.00394685 0 0.00191607
145  0 0.535363 2 0.464637
146  2 0.903409 0 0.0372422 1 0.0517847 3 0.00756424
147  2 0.899439 0 0.037855 1 0.0531573 3 0.009549
148  0 0.530415 2 0.468967 3 0.000618614
149  0 0.872839 3 0.102465 2 0.0181251 1 0.00657062
150  0 0.880797 3 0.0972466 2 0.015214 1 0.00674285
151  3 0.651036 0 0.348964
152  3 0.98733 0 0.0117655 1 0.000904953
153  0 0.899335 3 0.0849183 2 0.00853489 1 0.00721208
154  1 0.997512 3 0.00248751
155  1 0.997525 3 0.00247524
156  1 0.997921 3 0.00207907
157  1 0.997716 3 0.00228442
158  1 0.997861 3 0.00213929
159  1 0.997557 3 0.0024435
160  1 0.997607 3 0.00239275
161  1 0.995197 0 0.00417726 3 0.000625933
162  1 0.995566 0 0.00338162 3 0.00105188
163  1 0.987256 2 0.00762655 0 0.00441257 3 0.000705177
164  1 0.995652 0 0.00274511 3 0.00160291
165  1 0.995156 0 0.00355929 3 0.00128462
166  1 0.990427 0 0.00879291 3 0.0007581 2 2.23414e-005
167  1 0.996869 0 0.00161437 3 0.00151698
168  1 0.99762 3 0.00183143 0 0.000548197
169  1 0.997586 3 0.00166577 0 0.000748334
170  1 0.997672 3 0.00199657 0 0.000331281
171  1 0.99685 3 0.00184977 0 0.00129977
172  1 0.99729 3 0.00192098 0 0.000788831
173  1 0.997677 3 0.0021578 0 0.000165122
174  1 0.997602 3 0.00232672 2 7.13174e-005
175  1 0.998281 3 0.00171891
176  1 0.997638 3 0.00199658 0 0.000365693
177  1 0.997792 3 0.00213554 2 7.20545e-005
178  1 0.998001 3 0.00199875
179  1 0.997527 3 0.00225589 0 0.000217486
180  1 0.997511 3 0.00248917
181  1 0.99765 3 0.00234971
182  1 0.997903 3 0.00209677
183  1 0.997781 3 0.00221887
184  1 0.997751 3 0.00224908
185  1 0.997814 3 0.00218623
186  1 0.997993 3 0.00200703
187  1 0.998306 3 0.00169372
188  1 0.998224 3 0.00177621
189  1 0.998183 3 0.00181677
190  1 0.99782 3 0.00165111 2 0.000529329
191  1 0.998271 3 0.00172896
192  1 0.997511 3 0.00152975 2 0.000959278
193  1 0.998125 3 0.00187547
194  1 0.998018 3 0.00198195
195  1 0.997983 3 0.00201718
196  1 0.998061 3 0.00193871
197  1 0.996303 2 0.00214468 3 0.00155224
198  1 0.998152 3 0.00177312 2 7.44953e-005
199  1 0.998114 3 0.00188614
200  1 0.99796 3 0.00178878 0 0.000251441
201  1 0.994525 2 0.00368812 3 0.00122305 0 0.000563938
202  1 0.992082 2 0.00646648 3 0.00145184
203  1 0.924307 2 0.074421 3 0.00127211
204  1 0.996059 0 0.00261389 3 0.000772917 2 0.000553941
205  1 0.997604 3 0.00150776 0 0.0008882
206  1 0.971845 2 0.0265603 3 0.00159436
207  1 0.577052 2 0.421767 3 0.0011816
208  0 0.531374 2 0.468626
209  2 0.899471 1 0.058454 0 0.0405198 3 0.00155563
210  2 0.914915 1 0.0497856 0 0.034809 3 0.0004901
211  2 0.88877 1 0.0634716 0 0.0448561 3 0.00290233
212  0 0.536858 2 0.463142
213  3 0.999464 1 0.000536168
214  3 0.984251 0 0.0156669 1 8.17152e-005
215  3 0.982991 0 0.0170094
216  3 0.994972 0 0.00467022 1 0.000357563
217  3 0.990862 0 0.00892438 1 0.0002141
218  3 0.999253 1 0.000746555
219  3 0.686055 0 0.313945
220  0 0.915084 3 0.0675382 2 0.0120891 1 0.0052884
221  0 0.907418 3 0.0680848 2 0.0188962 1 0.00560123
222  0 0.909205 3 0.0733099 2 0.0122721 1 0.0052126
223  3 0.994289 0 0.0052076 1 0.000503701
224  3 0.674771 0 0.325229
225  0 0.891624 3 0.0868094 2 0.0161922 1 0.00537459
226  0 0.876472 3 0.0993961 2 0.018342 1 0.00578977
227  3 0.999054 1 0.00094622
228  3 0.991531 0 0.00782362 1 0.000645501
229  3 0.988074 0 0.0111485 1 0.000777614
230  3 0.99889 1 0.0011101
231  3 0.655252 0 0.344748
232  1 0.979897 2 0.0188337 3 0.00126891
233  1 0.994302 2 0.00482627 3 0.000871866
234  1 0.987938 2 0.011049 3 0.00101314
235  1 0.607377 2 0.39234 3 0.000282744
236  2 0.917489 1 0.0431057 0 0.0394054
237  1 0.984249 2 0.0134666 0 0.00152994 3 0.00075452
238  1 0.987599 2 0.0109399 3 0.000984443 0 0.000476649
239  2 0.861779 0 0.075478 1 0.0627425
240  1 0.60476 2 0.39524
241  2 0.858804 1 0.0658615 0 0.0753343
242  1 0.992552 2 0.0064687 3 0.000979172
243  1 0.995081 2 0.00404479 3 0.000874641
244  1 0.612962 2 0.387038
245  0 0.560967 2 0.435108 1 0.00392518
246  2 0.879734 0 0.0640608 1 0.0562052
247  2 0.906952 0 0.0483085 1 0.0447392
248  0 0.535159 2 0.464841
249  0 0.870035 3 0.0806519 2 0.0424419 1 0.0068711
250  0 0.871919 3 0.080185 2 0.0415196 1 0.00637685
251  3 0.628069 0 0.371085 2 0.000846345
252  3 0.982621 0 0.0173795
253  0 0.890363 3 0.0744432 2 0.0291768 1 0.00601718
254  3 0.997808 1 0.00219191
255  3 0.99755 1 0.0024495
256  3 0.998261 1 0.00173875
257  3 0.998047 1 0.00195285
258  3 0.99803 1 0.00164839 2 0.000321215
259  3 0.998258 1 0.00116792 2 0.000573817
260  3 0.998015 1 0.00129939 2 0.000685852
261  3 0.998773 1 0.00122718
262  3 0.998949 1 0.00105064
263  3 0.998855 1 0.00114526
264  3 0.998633 1 0.00136667
265  3 0.99846 1 0.00154011
266  3 0.998496 1 0.00138785 2 0.000116149
267  3 0.999058 1 0.000942301
268  3 0.998759 1 0.00117255 0 6.83598e-005
269  3 0.998509 1 0.00111608 2 0.000374974
270  3 0.998415 1 0.00111147 0 0.00047393
271  3 0.999174 1 0.000819287 2 7.1215e-006
272  3 0.9994 1 0.000544297 2 5.61367e-005
273  3 0.99928 1 0.000676087 2 4.41126e-005
274  3 0.998815 1 0.000876255 0 0.000308729
275  3 0.998452 1 0.000939611 0 0.000608487
276  3 0.997505 1 0.00235572 2 0.000138855
277  3 0.997239 1 0.00276138
278  3 0.998011 1 0.00101445 2 0.000974426
279  3 0.997752 1 0.00152666 2 0.000721793
280  3 0.997462 1 0.00190079 2 0.000636894
281  3 0.997442 1 0.00155493 2 0.00100281
282  3 0.997129 1 0.00248784 2 0.000383426
283  3 0.999557 1 0.000432888 2 1.04507e-005
284  3 0.999041 1 0.000586255 0 0.000372774
285  3 0.998344 0 0.000948799 1 0.00062625 2 8.07586e-005
286  3 0.998681 0 0.000706404 1 0.000612307
287  3 0.998866 0 0.00048941 1 0.000393268 2 0.000250887
288  3 0.998536 1 0.000773036 0 0.000691041
289  3 0.998116 1 0.00101757 0 0.000866652
290  3 0.998023 2 0.00119539 1 0.000781717
291  3 0.998072 2 0.00106991 1 0.000496263 0 0.000362311
292  3 0.997853 0 0.00125032 1 0.000896733
293  3 0.997726 2 0.00131069 1 0.000963033
294  3 0.997286 1 0.00134021 2 0.000742389 0 0.000631169
295  3 0.998154 2 0.00157114 1 0.000275263
296  3 0.997752 2 0.00166968 1 0.000578258
297  3 0.997066 0 0.00196725 1 0.000966697
298  3 0.997407 0 0.00176165 1 0.000831312
299  3 0.997486 2 0.00184072 1 0.000673342
300  3 0.997182 0 0.00169439 1 0.00112389
301  3 0.996818 1 0.0017257 0 0.00126746 2 0.000188435
302  1 0.607211 2 0.38863 3 0.00279671 0 0.00136261
303  1 0.969508 2 0.0263738 3 0.00295304 0 0.00116495
304  0 0.522566 2 0.442037 1 0.0335281 3 0.0018687
305  2 0.855186 1 0.111208 0 0.0316616 3 0.00194478
306  2 0.870828 1 0.105393 0 0.0221919 3 0.00158724
307  0 0.511626 2 0.45141 1 0.0359871 3 0.000976344
308  2 0.885084 1 0.0991507 0 0.01399 3 0.00177506
309  3 0.973 0 0.0238942 1 0.00211098 2 0.000994887
310  3 0.975857 0 0.0219227 1 0.00109688 2 0.0011235
311  3 0.973913 0 0.0232162 1 0.00155745 2 0.00131316
312  3 0.624209 0 0.375791
313  0 0.885043 3 0.101532 2 0.0132602 1 0.000164955
314  0 0.895606 3 0.0982201 2 0.00617433
315  3 0.97624 0 0.0233253 1 0.000407297 2 2.71814e-005
316  3 0.650874 0 0.349126
317  0 0.903575 3 0.0962641 1 0.000160612
318  0 0.8867 3 0.100924 1 0.0092987 2 0.00307777
319  3 0.976917 0 0.0230827
320  3 0.97717 0 0.0213387 2 0.00149112
321  3 0.976035 0 0.0236378 2 0.000327103
322  3 0.67048 0 0.32952
323  0 0.856872 3 0.113422 2 0.0192759 1 0.0104296
324  1 0.971427 2 0.0246229 3 0.00267687 0 0.00127279
325  2 0.896754 1 0.0907341 0 0.0102991 3 0.00221247
326  1 0.622638 2 0.374932 3 0.00204455 0 0.000385657
327  1 0.972171 2 0.0240464 3 0.00242734 0 0.00135519
328  1 0.973455 2 0.0229408 3 0.00220779 0 0.00139652
329  3 0.977077 0 0.020974 2 0.00194922
330  3 0.687837 0 0.312163
331  2 0.51821 0 0.460136 1 0.0178151 3 0.00383887
332  0 0.810979 3 0.136032 2 0.0437488 1 0.00924034
333  0 0.802723 3 0.138696 2 0.0498667 1 0.00871436
334  0 0.831229 3 0.127774 2 0.0311274 1 0.00986909
335  2 0.518754 0 0.450247 1 0.0274617 3 0.00353674
336  2 0.893458 1 0.0899255 0 0.0140692 3 0.00254734
337  2 0.874631 1 0.0961504 0 0.0267559 3 0.00246291
338  2 0.883866 1 0.093055 0 0.0204591 3 0.00261963
339  1 0.634911 2 0.363577 3 0.00151245
340  1 0.97265 2 0.0239659 3 0.00201499 0 0.0013693
341  2 0.872322 1 0.0956089 0 0.0298852 3 0.00218347
342  1 0.621804 2 0.377277 3 0.000918571
343  1 0.970122 2 0.0270014 3 0.00170632 0 0.00117078
344  1 0.969724 2 0.0276386 3 0.00158111 0 0.00105624
345  1 0.969337 2 0.0275451 3 0.00184682 0 0.00127068
346  1 0.61939 2 0.380071 3 0.000539045
347  1 0.97277 2 0.0243617 3 0.00142713 0 0.00144112
348  2 0.520141 0 0.461825 1 0.0144098 3 0.00362369
349  2 0.87709 1 0.0921058 0 0.0285368 3 0.00226703
350  2 0.885835 1 0.0844334 0 0.0274589 3 0.00227231
351  2 0.554339 0 0.432896 1 0.0105225 3 0.00224281
352  2 0.89765 1 0.0722112 0 0.028059 3 0.00207941
353  3 0.978382 0 0.0185251 2 0.00309288
354  3 0.985344 0 0.0146558
355  3 0.979416 0 0.0118855 2 0.00869834
356  3 0.695631 0 0.304369
357  0 0.803046 3 0.136056 2 0.0521523 1 0.00874536
358  0 0.81861 3 0.122151 2 0.0504056 1 0.00883386
359  3 0.988887 0 0.0111126
360  3 0.711078 0 0.288731 1 0.000191503
361  0 0.839461 3 0.101074 2 0.0506199 1 0.00884547
362  0 0.869253 3 0.0762684 2 0.0456936 1 0.00878487
363  3 0.990265 0 0.00973486
364  3 0.982186 0 0.0178137
365  3 0.985668 0 0.0143317
366  3 0.690098 0 0.30956 1 0.000342182
367  0 0.873783 3 0.0733946 2 0.0445773 1 0.00824499
368  1 0.978849 2 0.0179923 0 0.00188385 3 0.00127484
369  2 0.900519 1 0.0639929 0 0.033914 3 0.00157375
370  1 0.629952 2 0.369682 3 0.000365803
371  1 0.986744 2 0.00977519 0 0.00235169 3 0.0011293
372  1 0.99285 2 0.00342602 0 0.0027204 3 0.00100314
373  3 0.642585 0 0.356879 1 0.000420974 2 0.000115624
374  2 0.44551 0 0.54921 1 0.0052796
375  0 0.872356 3 0.077268 2 0.0431738 1 0.0072024
376  0 0.874132 3 0.0744274 2 0.0437663 1 0.00767466
377  2 0.523176 0 0.470817 1 0.00591785 3 8.85774e-005
378  2 0.893556 1 0.0600635 0 0.045565 3 0.000815096
379  2 0.863349 1 0.0660942 0 0.0705568
380  2 0.878996 1 0.061999 0 0.0589944 3 1.07955e-005
381  1 0.62102 2 0.37898
382  1 0.995032 0 0.00278311 2 0.00126659 3 0.000917987
383  1 0.606875 2 0.393125
384  1 0.98592 2 0.0113722 0 0.00187689 3 0.000831115
385  1 0.991484 2 0.00522496 0 0.00241646 3 0.000874611
386  1 0.9971 3 0.00289995
387  1 0.969202 2 0.0264015 3 0.00321291 0 0.00118404
388  1 0.997064 3 0.00293591
389  1 0.611866 2 0.380819 0 0.00391165 3 0.00340325
390  1 0.862598 2 0.132291 3 0.00335389 0 0.00175718
391  1 0.869011 2 0.125729 3 0.00333993 0 0.0019202
392  1 0.857681 2 0.137424 3 0.00337751 0 0.0015172
393  1 0.606531 2 0.387867 3 0.00335663 0 0.00224481
394  1 0.856931 2 0.138413 3 0.00341383 0 0.00124169
395  0 0.514131 2 0.476494 3 0.00937529
396  2 0.762422 0 0.185061 1 0.0423642 3 0.0101525
397  2 0.776583 0 0.185235 1 0.0260857 3 0.0120959
398  2 0.755417 0 0.184167 1 0.0546317 3 0.00578476
399  2 0.758401 0 0.181835 1 0.0519829 3 0.00778156
400  0 0.529026 2 0.439822 1 0.0214672 3 0.00968502
401  2 0.85188 1 0.104711 0 0.0379828 3 0.00542583
402  2 0.699456 1 0.286275 0 0.0106092 3 0.00365982
403  2 0.702127 1 0.27987 0 0.0139291 3 0.00407398
404  2 0.698446 1 0.290289 0 0.00787574 3 0.00338997
405  2 0.755084 0 0.187183 1 0.0533268 3 0.00440614
406  2 0.843436 1 0.11325 0 0.0396225 3 0.00369119
407  2 0.698185 1 0.293314 0 0.00527354 3 0.00322759
408  2 0.700706 1 0.292567 0 0.00359373 3 0.00313252
409  0 0.532274 2 0.430151 1 0.0322307 3 0.00534354
410  2 0.752661 0 0.1927 1 0.0511049 3 0.00353442
411  2 0.762114 0 0.189094 1 0.0460294 3 0.00276273
412  2 0.757405 0 0.191142 1 0.048477 3 0.00297539
413  0 0.529202 2 0.436821 1 0.0305325 3 0.00344462
414  2 0.847582 1 0.111424 0 0.0379973 3 0.00299704
415  2 0.703026 1 0.291913 3 0.0030891 0 0.00197136
416  3 0.998752 1 0.00124767
417  3 0.99878 1 0.00121958
418  3 0.998764 1 0.00107797 2 0.000158204
419  3 0.998604 1 0.00137259 2 2.32561e-005
420  3 0.998699 1 0.00130054
421  3 0.998642 1 0.00135808
422  3 0.990807 0 0.0072992 2 0.00189389
423  3 0.903818 0 0.094992 2 0.00119031
424  3 0.902466 0 0.0965031 2 0.00103087
425  3 0.998141 1 0.00160647 2 0.000252548
426  3 0.998269 1 0.00154033 2 0.000191121
427  3 0.998326 1 0.0016743
428  3 0.910235 0 0.0879788 2 0.00178662
429  3 0.995659 2 0.00254767 0 0.00179341
430  3 0.908995 0 0.0890355 2 0.00196906
431  3 0.998394 1 0.0014887 2 0.000117789
432  3 0.998514 1 0.00144553 2 4.07334e-005
433  3 0.998494 1 0.00150554
434  3 0.992378 0 0.00542453 2 0.00219761
435  3 0.662836 0 0.337164
436  3 0.906604 0 0.0918327 2 0.0015634
437  3 0.903638 0 0.0950053 2 0.00135656
438  3 0.64783 0 0.35217
439  0 0.717515 3 0.282485
440  0 0.708575 3 0.291425
441  0 0.862816 2 0.13705 3 0.000134851
442  0 0.920484 3 0.0689972 1 0.00794324 2 0.00257604
443  0 0.861938 2 0.138062
444  0 0.69857 3 0.30143
445  0 0.688313 3 0.311687
446  0 0.860642 2 0.139358
447  0 0.724799 3 0.275201
448  0 0.930528 3 0.0595322 1 0.00820235 2 0.00173722
449  0 0.854344 2 0.14401 3 0.0016458
450  0 0.849508 2 0.143287 3 0.00720522
451  3 0.997982 1 0.00164717 2 0.000370756
452  3 0.990607 0 0.00657765 2 0.00281505
453  3 0.655272 0 0.344728
454  3 0.902113 0 0.0956439 2 0.00224267
455  3 0.896566 0 0.101131 2 0.00230294
456  3 0.905859 0 0.0920189 2 0.00212176
457  3 0.654767 0 0.345233
458  0 0.724332 3 0.275668
459  0 0.721525 3 0.278475
460  0 0.723112 3 0.276888
461  0 0.923564 3 0.0583643 2 0.0140899 1 0.00398204
462  0 0.846768 2 0.140265 3 0.0129671
463  0 0.715753 3 0.284247
464  0 0.914076 3 0.0543718 2 0.0315525
465  0 0.836085 2 0.141014 3 0.0159768 1 0.00692451
466  0 0.833452 2 0.14127 3 0.0150321 1 0.0102455
467  0 0.839083 2 0.143599 3 0.0173179
468  3 0.99813 1 0.00186965
469  3 0.997882 1 0.00181533 2 0.000302786
470  3 0.997627 1 0.00222255 2 0.000150841
471  3 0.997756 1 0.00198989 2 0.000253676
472  3 0.997928 1 0.00207181
473  3 0.986544 0 0.010441 2 0.00301451
474  3 0.890057 0 0.107636 2 0.00230679
475  3 0.996439 1 0.00324111 0 0.000320327
476  3 0.996403 1 0.00300302 0 0.000594033
477  3 0.997443 1 0.00255714
478  3 0.871515 0 0.12646 2 0.00202446
479  3 0.97348 0 0.0235251 1 0.00205888 2 0.000935907
480  3 0.870228 0 0.127763 2 0.00128988 1 0.000719031
481  3 0.996772 1 0.00278059 0 0.000447047
482  3 0.997396 1 0.00239486 2 0.000208734
483  3 0.9977 1 0.00230007
484  3 0.979413 0 0.0176304 2 0.00227114 1 0.000685945
485  3 0.623177 0 0.376823
486  3 0.876474 0 0.121372 2 0.00215446
487  3 0.883413 0 0.114327 2 0.0022594
488  3 0.636855 0 0.363145
489  0 0.708877 3 0.291123
490  0 0.708333 3 0.291667
491  0 0.876753 3 0.113536 2 0.00971105
492  0 0.832101 2 0.142034 3 0.0143294 1 0.0115355
493  0 0.711828 3 0.288172
494  1 0.997366 3 0.00263351
495  1 0.997146 3 0.00285433
496  1 0.997153 3 0.00284676
497  1 0.997136 3 0.00286437
498  1 0.997364 3 0.00263615
499  1 0.970594 2 0.0249644 3 0.00313457 0 0.00130687
500  1 0.874643 2 0.120064 3 0.00333324 0 0.00195959
501  1 0.996227 3 0.00277015 2 0.00100236
502  1 0.996475 3 0.00278414 2 0.000639665 0 0.000101653
503  1 0.9974 3 0.00259964
504  1 0.884922 2 0.111447 3 0.00330571 0 0.000325214
505  1 0.976815 2 0.0201442 3 0.0030411
506  1 0.888373 2 0.108282 3 0.00334533
507  1 0.996722 3 0.00280874 0 0.000469504
508  1 0.997041 3 0.00282564 0 0.00013331
509  1 0.99737 3 0.00262968
510  1 0.973128 2 0.0228164 3 0.00307745 0 0.000977973
511  1 0.612623 2 0.376825 0 0.00668703 3 0.00386467
512  1 0.884852 2 0.110554 3 0.00332808 0 0.00126676
513  1 0.881215 2 0.11368 3 0.00333285 0 0.00177235
514  1 0.619398 2 0.371282 0 0.00574631 3 0.00357342
515  2 0.714018 1 0.260962 0 0.0189328 3 0.00608741
516  2 0.704622 1 0.270668 0 0.0193336 3 0.00537652
517  2 0.86081 1 0.0866497 0 0.0441338 3 0.00840649
518  2 0.797709 0 0.181323 1 0.00832553 3 0.0126433
519  2 0.703237 1 0.274483 0 0.0176201 3 0.00465928
520  1 0.996975 3 0.00214016 2 0.000884516
521  1 0.996345 3 0.00234148 2 0.00131364
522  1 0.997697 3 0.00225137 2 5.13188e-005
523  1 0.849196 2 0.148659 3 0.00214503
524  1 0.969527 2 0.0281698 3 0.00230278
525  1 0.850093 2 0.148258 3 0.00164867
526  1 0.996391 3 0.00249747 2 0.00111175
527  1 0.995974 3 0.00260891 2 0.00141701
528  1 0.997382 3 0.00240033 2 0.000217933
529  2 0.771114 0 0.225932 3 0.00295452
530  2 0.884363 0 0.0473044 1 0.0632441 3 0.00508879
531  2 0.771066 0 0.225997 3 0.0029368
532  1 0.57397 2 0.422572 3 0.00345816
533  2 0.744761 1 0.250838 3 0.00440102
534  2 0.749168 1 0.245755 3 0.00506299 0 1.39995e-005
535  2 0.740456 1 0.255778 3 0.00376612
536  1 0.571387 2 0.42623 3 0.00238267
537  2 0.738115 1 0.258766 3 0.00311831
538  1 0.851453 2 0.14594 3 0.0026073
539  1 0.859132 2 0.137625 3 0.00324328
540  1 0.8546 2 0.142414 3 0.00298583
541  1 0.969762 2 0.0274208 3 0.00281741
542  1 0.995924 3 0.00268045 2 0.00139544
543  1 0.869073 2 0.127552 3 0.00337546
544  1 0.976213 2 0.0207532 3 0.00303402
545  1 0.997454 3 0.00254615
546  1 0.996015 3 0.00274614 2 0.0012392
547  1 0.996192 3 0.00275961 2 0.00104845
548  1 0.995738 3 0.00272283 2 0.00153958
549  1 0.99742 3 0.00247915 2 0.000101094
550  1 0.978414 2 0.01852 3 0.0030663
551  1 0.585453 2 0.410731 3 0.00381579
552  1 0.879235 2 0.117349 3 0.00341638
553  1 0.885702 2 0.110901 3 0.00339713
554  1 0.603023 2 0.388573 0 0.00436328 3 0.00404128
555  0 0.536102 2 0.463898
556  2 0.77366 0 0.223253 3 0.00308745
557  2 0.784115 0 0.211573 3 0.00431203
558  2 0.776988 0 0.219386 3 0.00362616
559  0 0.535376 2 0.464624
560  2 0.893558 0 0.0421032 1 0.0577885 3 0.00655039
561  2 0.747175 1 0.243938 0 0.00325073 3 0.00563635
562  2 0.746878 1 0.239388 0 0.00752373 3 0.00621082
563  2 0.791164 0 0.203227 3 0.00560959
564  2 0.905829 0 0.0357536 1 0.0497901 3 0.00862705
565  2 0.740079 1 0.240319 0 0.0130261 3 0.00657531
566  2 0.72754 1 0.249078 0 0.0168348 3 0.00654722
567  0 0.529294 2 0.470706
568  2 0.796306 0 0.196006 3 0.00768783
569  2 0.804319 0 0.184995 3 0.0106858
570  0 0.528056 2 0.469495 3 0.00244934
571  2 0.889411 0 0.0415642 1 0.0589939 3 0.0100305
572  0 0.817536 2 0.166781 3 0.013761 1 0.00192189
573  0 0.818341 2 0.167211 3 0.0132056 1 0.00124245
574  0 0.66354 3 0.33646
575  0 0.8745 3 0.10131 2 0.0175821 1 0.00660791
576  0 0.662658 3 0.337342
577  0 0.824184 2 0.163757 3 0.0115495 1 0.000508758
578  0 0.828772 2 0.161054 3 0.0101744
579  3 0.987565 0 0.0114669 1 0.00096776
580  3 0.998633 1 0.000759978 2 0.000606661
581  3 0.651041 0 0.348959
582  3 0.900159 0 0.0989546 2 0.000886001
583  3 0.897576 0 0.101955 1 0.000469662
584  3 0.65151 0 0.34849
585  3 0.896448 0 0.10314 1 0.000412183
586  0 0.665729 3 0.334271
587  0 0.677318 3 0.322682
588  0 0.670613 3 0.329387
589  0 0.889027 3 0.0916965 2 0.0123417 1 0.0069343
590  0 0.838543 2 0.155394 3 0.00606313
591  0 0.912366 3 0.0752491 1 0.00758324 2 0.00480167
592  0 0.852025 2 0.145114 3 0.0028614
593  0 0.846725 2 0.149614 3 0.00366115
594  1 0.997444 3 0.00255598
595  1 0.997441 3 0.00255929
596  1 0.997601 3 0.00239934
597  1 0.997517 3 0.00248348
598  1 0.99759 3 0.00241
599  1 0.99744 3 0.00256011
600  1 0.997446 3 0.00255379
601  1 0.997954 3 0.00200681 0 3.91999e-005
602  1 0.997889 3 0.00211081
603  1 0.997958 3 0.00204248
604  1 0.997742 3 0.0022583
605  1 0.997817 3 0.00218267
606  1 0.997849 3 0.00215145
607  1 0.99779 3 0.00221035
608  1 0.997693 3 0.00230704
609  1 0.997766 3 0.00223442
610  1 0.997617 3 0.00238278
611  1 0.997663 3 0.00233733
612  1 0.997638 3 0.00236226
613  1 0.997538 3 0.00246184
614  1 0.997456 3 0.0025436
615  1 0.997692 3 0.00230794
616  1 0.997579 3 0.00242063
617  1 0.997492 3 0.00250811
618  1 0.997518 3 0.00248217
619  1 0.997471 3 0.00252854
620  1 0.995688 0 0.00371896 3 0.000593474
621  1 0.995636 0 0.00360744 3 0.000756978
622  1 0.996029 0 0.00325801 3 0.000713467
623  1 0.994546 0 0.004587 3 0.000866608
624  1 0.995148 0 0.00404589 3 0.000806271
625  1 0.994488 0 0.00486169 3 0.000650414
626  1 0.99587 0 0.00315996 3 0.000969665
627  1 0.99634 0 0.00245709 3 0.00120276
628  1 0.996486 0 0.00240008 3 0.00111429
629  1 0.993937 0 0.00455185 3 0.00151107
630  1 0.993076 0 0.00565614 3 0.00126831
631  1 0.987493 0 0.0116298 3 0.000876805
632  1 0.996307 0 0.00215068 3 0.00154247
633  1 0.995248 0 0.00331328 3 0.00143877
634  1 0.996506 0 0.00182538 3 0.00166819
635  1 0.993217 0 0.0057044 3 0.00107899
636  1 0.993913 0 0.00513572 3 0.00095137
637  1 0.986996 0 0.00972732 2 0.00271757 3 0.000558842
638  1 0.995306 0 0.00353916 3 0.00115474
639  1 0.996926 3 0.00162188 0 0.00145223
640  1 0.996222 0 0.0023604 3 0.001418
641  1 0.996243 0 0.00245369 3 0.0013036
642  1 0.996864 0 0.00171927 3 0.00141681
643  1 0.997375 3 0.00178032 0 0.000844255
644  1 0.997325 3 0.00168844 0 0.000986878
645  1 0.997799 3 0.00180503 0 0.00039596
646  1 0.997598 3 0.00174828 0 0.00065389
647  1 0.997809 3 0.00188278 0 0.000307797
648  1 0.997293 3 0.00159682 0 0.00111009
649  1 0.997289 3 0.00150814 0 0.001203
650  1 0.997819 3 0.00196041 0 0.000221067
651  1 0.99744 3 0.00187087 0 0.000689489
652  1 0.99765 3 0.00191473 0 0.000435196
653  1 0.997819 3 0.00203778 0 0.000143304
654  1 0.99781 3 0.00211497 0 7.49746e-005
655  1 0.995598 0 0.00269946 3 0.0017028
656  1 0.996239 0 0.00201963 3 0.00174127
657  1 0.997405 3 0.00200858 0 0.000586304
658  1 0.997051 3 0.00188549 0 0.00106351
659  1 0.997293 3 0.00197363 0 0.000733293
660  1 0.996775 3 0.00178424 0 0.00144051
661  1 0.997164 3 0.00182813 0 0.00100789
662  1 0.997499 3 0.00195791 0 0.0005435
663  1 0.997568 3 0.00212467 0 0.000307723
664  1 0.997545 3 0.00204205 0 0.000412612
665  1 0.997682 3 0.00207713 0 0.000241084
666  1 0.997789 3 0.00219318 0 1.78744e-005
667  1 0.997563 3 0.00220722 0 0.000229677
668  1 0.997661 3 0.00224015 0 9.90094e-005
669  1 0.99764 3 0.00235969
670  1 0.99755 3 0.00245042
671  1 0.997726 3 0.00227429
672  1 0.995874 0 0.0024795 3 0.00164681
673  1 0.997071 3 0.00180484 0 0.00112431
674  1 0.998086 3 0.00191403
675  1 0.997954 3 0.00185481 0 0.000191169
676  1 0.99821 3 0.00179043
677  1 0.997336 3 0.00193069 0 0.000733811
678  1 0.997457 3 0.0020527 0 0.000490005
679  1 0.997852 3 0.00214848
680  1 0.997916 3 0.00208415
681  1 0.997488 3 0.0023012 2 0.000210886
682  1 0.997634 3 0.00223387 2 0.000132584
683  1 0.997934 3 0.00206597
684  1 0.998013 3 0.00198682
685  1 0.998079 3 0.00192121
686  1 0.997787 3 0.00205999 0 0.000152887
687  1 0.997434 3 0.00234979 2 0.000215961
688  1 0.997593 3 0.0022068 0 0.00019993
689  1 0.997552 3 0.00212869 0 0.000319801
690  1 0.997515 3 0.00217287 0 0.000311704
691  1 0.997463 3 0.00238555 2 0.000151174
692  1 0.997568 3 0.00241427 2 1.78287e-005
693  1 0.997506 3 0.00229687 2 0.000197448
694  1 0.997451 3 0.00254927
695  1 0.997512 3 0.00248828
696  1 0.997642 3 0.00235844
697  1 0.997578 3 0.00242244
698  1 0.997578 3 0.00242192
699  1 0.997582 3 0.00241767
700  1 0.99766 3 0.00233957
701  1 0.997888 3 0.00211181
702  1 0.997828 3 0.00217242
703  1 0.997815 3 0.00218518
704  1 0.997859 3 0.0021406
705  1 0.997842 3 0.00215768
706  1 0.997921 3 0.00207866
707  1 0.997769 3 0.00223066
708  1 0.997705 3 0.00229524
709  1 0.997674 3 0.00232639
710  1 0.997716 3 0.00228371
711  1 0.99788 3 0.00212034
712  1 0.997796 3 0.00220432
713  1 0.997729 3 0.00227085
714  1 0.997745 3 0.00225457
715  1 0.997966 3 0.00203377
716  1 0.997902 3 0.00209761
717  1 0.997928 3 0.00207165
718  1 0.998023 3 0.00197734
719  1 0.997836 3 0.0021644
720  1 0.998289 3 0.00171105
721  1 0.998246 3 0.00175387
722  1 0.998229 3 0.00177079
723  1 0.998294 3 0.00170603
724  1 0.998268 3 0.00173226
725  1 0.998318 3 0.00168213
726  1 0.998202 3 0.00179759
727  1 0.998155 3 0.00184538
728  1 0.998136 3 0.00186408
729  1 0.996991 2 0.00147314 3 0.00153608
730  1 0.997645 3 0.00158976 2 0.000765448
731  1 0.99686 2 0.00166702 3 0.00147339
732  1 0.998222 3 0.00177781
733  1 0.998259 3 0.0017004 2 4.03596e-005
734  1 0.998248 3 0.00175183
735  1 0.998107 3 0.00164152 2 0.000251325
736  1 0.998317 3 0.00168327
737  1 0.997937 3 0.00158304 2 0.000479708
738  1 0.998247 3 0.00175332
739  1 0.998147 3 0.00185334
740  1 0.998198 3 0.00180225
741  1 0.998175 3 0.00182478
742  1 0.998105 3 0.00189528
743  1 0.998094 3 0.00190627
744  1 0.998072 3 0.00192808
745  1 0.99793 3 0.00207029
746  1 0.998 3 0.00200003
747  1 0.997945 3 0.00205502
748  1 0.998053 3 0.00194659
749  1 0.998034 3 0.00196627
750  1 0.997962 3 0.00203826
751  1 0.998117 3 0.00188287
752  1 0.998039 3 0.00196147
753  1 0.997981 3 0.00201882
754  1 0.998003 3 0.00199687
755  1 0.996022 2 0.00249789 3 0.00147975
756  1 0.997203 3 0.00160173 2 0.00119477
757  1 0.997663 3 0.00173166 2 0.000605336
758  1 0.997448 3 0.00166746 2 0.00088491
759  1 0.996709 2 0.00166583 3 0.00162548
760  1 0.997995 3 0.00171258 2 0.000292267
761  1 0.998197 3 0.00180347
762  1 0.998143 3 0.001857
763  1 0.99783 3 0.00179354 2 0.000375987
764  1 0.998171 3 0.0018295
765  1 0.998086 3 0.00191357
766  1 0.998028 3 0.00197247
767  1 0.997973 3 0.00171954 0 0.000307203
768  1 0.997965 3 0.00185442 2 0.00018049
769  1 0.998061 3 0.00191552 2 2.35063e-005
770  1 0.997953 3 0.00186004 0 0.000186692
771  1 0.998055 3 0.0019455
772  1 0.995109 2 0.00335877 3 0.00132786 0 0.000204844
773  1 0.994462 2 0.00411953 3 0.00141807
774  1 0.99073 2 0.00734503 3 0.00119984 0 0.000724786
775  1 0.992196 2 0.00635245 3 0.00133687 0 0.000114357
776  1 0.994157 2 0.00367811 3 0.00110291 0 0.00106167
777  1 0.994841 2 0.00365657 3 0.00150248
778  1 0.995595 2 0.00281572 3 0.00158892
779  1 0.994802 0 0.00295939 2 0.00144111 3 0.000797288
780  1 0.996356 0 0.00296792 3 0.000675901
781  1 0.996969 0 0.001794 3 0.00123662
782  1 0.922975 2 0.069253 0 0.00745451 3 0.000317778
783  1 0.992137 2 0.00446776 0 0.00250962 3 0.00088523
784  1 0.990461 2 0.00686631 0 0.00163954 3 0.00103285
785  1 0.994959 2 0.00196991 0 0.00220957 3 0.000862023
786  1 0.984965 2 0.0136387 3 0.00139622
787  1 0.997306 3 0.00142249 0 0.00127162
788  1 0.99734 3 0.00134073 0 0.00131956
789  1 0.997622 3 0.00143068 0 0.00094765
790  1 0.997829 3 0.00158359 0 0.000587505
791  1 0.997589 3 0.00158564 0 0.000825796
792  1 0.997798 3 0.00172913 0 0.00047239
793  1 0.997812 3 0.00165596 0 0.000531876
794  1 0.997386 3 0.00199532 2 0.000619072
795  1 0.97107 2 0.0271604 3 0.00177001
796  1 0.583449 2 0.415638 3 0.000912434
797  1 0.856534 2 0.142261 3 0.00120574
798  1 0.864556 2 0.134434 3 0.00101041
799  1 0.851692 2 0.146888 3 0.00142055
800  1 0.573569 2 0.424956 3 0.00147429
801  0 0.526364 2 0.473636
802  2 0.7817 0 0.2183
803  2 0.784125 0 0.215875
804  2 0.775254 0 0.224746
805  2 0.780391 0 0.219609
806  0 0.533422 2 0.466578
807  2 0.909901 1 0.0531292 0 0.0359736 3 0.000996634
808  2 0.745709 1 0.253158 3 0.0011328
809  2 0.750718 1 0.248592 3 0.000689878
810  2 0.741323 1 0.257134 3 0.00154287
811  2 0.774695 0 0.224847 3 0.000457578
812  2 0.893466 1 0.0621014 0 0.0422366 3 0.00219567
813  2 0.739216 1 0.258755 3 0.0020294
814  2 0.737988 1 0.259425 3 0.00258694
815  0 0.537467 2 0.462533
816  2 0.772885 0 0.22583 3 0.00128513
817  2 0.771789 0 0.226056 3 0.00215554
818  0 0.535771 2 0.464229
819  2 0.885579 1 0.0644974 0 0.046231 3 0.00369213
820  3 0.999522 1 0.000478195
821  3 0.999433 0 0.000235363 1 0.000231887 2 9.99142e-005
822  3 0.999532 0 0.000231347 1 0.00019072 2 4.58357e-005
823  3 0.999486 1 0.000334782 2 0.000148038 0 3.11472e-005
824  3 0.999592 1 0.000283247 2 0.000124361
825  3 0.999412 1 0.000588149
826  3 0.984045 0 0.0159351 1 2.00186e-005
827  3 0.895455 0 0.104545
828  3 0.890151 0 0.109849
829  3 0.999328 1 0.000624774 2 4.71772e-005
830  3 0.9994 1 0.000568778 2 3.14777e-005
831  3 0.999201 1 0.000798891
832  3 0.914175 0 0.085825
833  3 0.994048 0 0.0056667 1 0.000285223
834  3 0.916914 0 0.0830856
835  3 0.999471 1 0.000511432 2 1.78968e-005
836  3 0.999248 1 0.000394519 0 0.000206925 2 0.000150575
837  3 0.999304 1 0.000696475
838  3 0.986037 0 0.0138171 1 0.0001456
839  3 0.685365 0 0.314635
840  3 0.907708 0 0.0922915
841  3 0.898167 0 0.101833
842  3 0.689989 0 0.310011
843  0 0.683924 3 0.315268 1 0.00080775
844  0 0.682822 3 0.316086 1 0.00109278
845  0 0.842983 2 0.151848 1 0.00390463 3 0.00126461
846  0 0.912705 3 0.0663252 2 0.0155582 1 0.00541182
847  0 0.847567 2 0.14763 1 0.00352212 3 0.00128027
848  0 0.685472 3 0.31311 1 0.00141851
849  0 0.688562 3 0.309692 1 0.00174685
850  0 0.845761 2 0.148453 1 0.00313631 3 0.00264985
851  0 0.678962 3 0.320345 1 0.000692479
852  0 0.913308 3 0.0702083 2 0.0112676 1 0.0052156
853  0 0.843122 2 0.149063 3 0.00496429 1 0.00285046
854  0 0.83925 2 0.149853 3 0.00825282 1 0.00264467
855  3 0.999245 1 0.000670596 2 8.41139e-005
856  3 0.993753 0 0.00581888 1 0.00042856
857  3 0.669946 0 0.330054
858  3 0.911679 0 0.0882161 1 0.000104709
859  3 0.904994 0 0.0948524 1 0.000153607
860  3 0.916036 0 0.0839145 1 4.94094e-005
861  3 0.681042 0 0.318958
862  0 0.671671 3 0.327726 1 0.000603399
863  0 0.66759 3 0.332337 1 7.33684e-005
864  0 0.668589 3 0.330759 1 0.000652354
865  0 0.90138 3 0.0787245 2 0.0146329 1 0.00526274
866  0 0.831253 2 0.156183 3 0.0101309 1 0.00243374
867  0 0.665827 3 0.334173
868  0 0.880619 3 0.0956132 2 0.0182449 1 0.0055233
869  0 0.822492 2 0.163215 3 0.012105 1 0.00218758
870  0 0.818153 2 0.166335 3 0.0134609 1 0.00205099
871  0 0.826847 2 0.159728 3 0.011119 1 0.00230579
872  3 0.9991 1 0.000899985
873  3 0.999227 1 0.000771957 2 9.93737e-007
874  3 0.999042 1 0.000827853 2 0.000129994
875  3 0.999168 1 0.00083182
876  3 0.99901 1 0.000990488
877  3 0.993334 0 0.00608945 1 0.00057641
878  3 0.902758 0 0.0970368 1 0.000205592
879  3 0.998894 1 0.000999612 2 0.00010682
880  3 0.998846 1 0.00115386
881  3 0.896862 0 0.102777 1 0.00036084
882  3 0.987481 0 0.0116767 1 0.000842074
883  3 0.999006 1 0.000994395
884  3 0.999044 1 0.000947098 2 9.09534e-006
885  3 0.998927 1 0.00107344
886  3 0.99004 0 0.00924625 1 0.000713981
887  3 0.653027 0 0.346973
888  3 0.89846 0 0.10123 1 0.000310463
889  3 0.901897 0 0.097841 1 0.000261919
890  3 0.657985 0 0.342015
891  0 0.662878 3 0.337122
892  0 0.872807 3 0.102253 2 0.0188259 1 0.00611339
893  0 0.664179 3 0.335821
894  1 0.998054 3 0.00185582 2 8.98961e-005
895  1 0.998331 3 0.00166852
896  1 0.998249 3 0.00175083
897  1 0.975901 2 0.0226744 3 0.00142463
898  1 0.871238 2 0.127916 3 0.000845529
899  1 0.998663 3 0.00133653
900  1 0.998521 3 0.00147944
901  1 0.893959 2 0.105485 3 0.000556441
902  1 0.990813 2 0.00826197 3 0.000925233
903  1 0.898766 2 0.100698 3 0.000535837
904  1 0.998442 3 0.0015577
905  1 0.998399 3 0.00160104
906  1 0.984434 2 0.0144366 3 0.00112972
907  1 0.61226 2 0.387604 3 0.000135797
908  1 0.885861 2 0.113525 3 0.000614411
909  1 0.87879 2 0.120498 3 0.000712018
910  1 0.602674 2 0.396864 3 0.00046265
911  2 0.763684 1 0.236316
912  2 0.760603 1 0.239397
913  2 0.916167 1 0.0453646 0 0.0384202 3 4.80103e-005
914  2 0.792417 0 0.207583
915  2 0.755333 1 0.244402 3 0.000264928
916  1 0.99662 0 0.00288041 3 0.000499589
917  1 0.996387 0 0.00306204 3 0.000550937
918  1 0.871089 2 0.128257 3 0.000654628
919  1 0.985276 2 0.012758 0 0.00110304 3 0.000862968
920  1 0.869299 2 0.130052 3 0.000648909
921  1 0.996087 0 0.0033119 3 0.000601049
922  1 0.995811 0 0.00351775 3 0.00067125
923  2 0.720848 0 0.271235 1 0.00791719
924  2 0.859249 1 0.0650719 0 0.0756787
925  2 0.72032 0 0.27109 1 0.0085901
926  1 0.606065 2 0.393935
927  2 0.733331 1 0.262499 0 0.00417039
928  2 0.739291 1 0.258187 0 0.00252177
929  2 0.728152 1 0.265985 0 0.00586331
930  1 0.602807 2 0.397193
931  2 0.723997 1 0.268924 0 0.00707842
932  1 0.875426 2 0.123918 3 0.000656547
933  1 0.884981 2 0.114395 3 0.000623888
934  1 0.878745 2 0.120613 3 0.000641861
935  1 0.989774 2 0.00919109 3 0.00103505
936  1 0.995548 0 0.00369711 3 0.000755282
937  1 0.891957 2 0.107444 3 0.00059908
938  1 0.994755 2 0.0043229 3 0.000921612
939  1 0.997279 0 0.00159071 3 0.00113002
940  1 0.998681 3 0.00131904
941  1 0.99582 0 0.00328031 3 0.000900061
942  1 0.995718 2 0.00342524 3 0.000856297
943  1 0.610346 2 0.389654
944  1 0.897204 2 0.102227 3 0.000569161
945  1 0.898104 2 0.101354 3 0.000541954
946  1 0.618952 2 0.381048
947  0 0.560712 2 0.43477 1 0.00451818
948  2 0.719579 0 0.272032 1 0.00838941
949  2 0.749793 0 0.247362 1 0.0028442
950  2 0.736382 0 0.258938 1 0.00468028
951  0 0.560154 2 0.436783 1 0.00306244
952  2 0.870401 0 0.0698752 1 0.0597239
953  2 0.741108 1 0.256696 0 0.00217083 3 2.57762e-005
954  2 0.753346 1 0.246414 0 0.000128525 3 0.000111044
955  2 0.76944 0 0.230461 1 9.81271e-005
956  2 0.892673 0 0.0569734 1 0.0503535
957  2 0.76009 1 0.23991
958  2 0.761107 1 0.238893
959  0 0.542403 2 0.456677 1 0.000919931
960  2 0.778209 0 0.221791
961  2 0.788081 0 0.211919
962  0 0.529769 2 0.470231
963  2 0.913063 0 0.043526 1 0.0434107
964  0 0.800475 2 0.187641 1 0.00674114 3 0.00514354
965  0 0.802572 2 0.186397 1 0.00637325 3 0.00465751
966  0 0.701593 3 0.295564 1 0.00284329
967  0 0.869203 3 0.0813489 2 0.042831 1 0.00661744
968  0 0.701338 3 0.295657 1 0.00300513
969  0 0.807929 2 0.182592 1 0.0060106 3 0.00346921
970  0 0.81499 2 0.176814 1 0.00562392 3 0.00257237
971  3 0.98286 0 0.01714
972  3 0.999601 0 0.000254138 1 0.000145086
973  3 0.614484 0 0.384744 2 0.000772456
974  3 0.88528 0 0.11472
975  3 0.880543 0 0.119457
976  3 0.629719 0 0.369634 2 0.000443916 1 0.000202182
977  3 0.880018 0 0.119982
978  0 0.700872 3 0.296447 1 0.00268144
979  0 0.696609 3 0.3015 1 0.00189125
980  0 0.700695 3 0.297034 1 0.00227047
981  0 0.877712 3 0.0782337 2 0.0379015 1 0.00615277
982  0 0.822315 2 0.170119 1 0.0052063 3 0.00235954
983  0 0.902192 3 0.0688875 2 0.0230845 1 0.00583583
984  0 0.838912 2 0.156078 1 0.00436018 3 0.000649639
985  0 0.831605 2 0.162754 1 0.00479808 3 0.00084238
986  3 0.99758 1 0.0024204
987  3 0.997416 1 0.00258418
988  3 0.997814 1 0.00218646
989  3 0.997693 1 0.00230712
990  3 0.99768 1 0.00231962
991  3 0.997804 1 0.00216447 2 3.10567e-005
992  3 0.99767 1 0.00233046
993  3 0.998243 1 0.00175686
994  3 0.99814 1 0.00186013
995  3 0.998158 1 0.00174171 2 0.000100443
996  3 0.998155 1 0.00184505
997  3 0.998269 1 0.00165226 2 7.91422e-005
998  3 0.998038 1 0.00196246
999  3 0.997926 1 0.00207357
1000  3 0.997931 1 0.00206926
1001  3 0.998146 1 0.00155141 2 0.000302605
1002  3 0.998047 1 0.00185588 2 9.66304e-005
1003  3 0.997929 1 0.00199405 2 7.64964e-005
1004  3 0.99791 1 0.00177091 2 0.000319223
1005  3 0.998253 1 0.0013115 2 0.000435986
1006  3 0.998139 1 0.00137862 2 0.000482247
1007  3 0.998142 1 0.00108319 2 0.00077495
1008  3 0.998138 1 0.00122383 2 0.000638026
1009  3 0.998268 1 0.00103603 2 0.000696173
1010  3 0.998021 1 0.00146506 2 0.000513694
1011  3 0.997897 1 0.00157451 2 0.000528789
1012  3 0.9988 1 0.00120003
1013  3 0.998873 1 0.00112694
1014  3 0.998834 1 0.00116559
1015  3 0.998737 1 0.00126338
1016  3 0.998673 1 0.00132656
1017  3 0.999054 1 0.000946209
1018  3 0.999005 1 0.000995431
1019  3 0.998787 1 0.00121258
1020  3 0.9989 1 0.00109967
1021  3 0.998834 1 0.00116612
1022  3 0.998958 1 0.00104186
1023  3 0.998914 1 0.00108593
1024  3 0.998812 1 0.00118795
1025  3 0.998669 1 0.00133083
1026  3 0.998745 1 0.00125519
1027  3 0.998707 1 0.00129292
1028  3 0.998601 1 0.00139868
1029  3 0.998583 1 0.00141695
1030  3 0.99855 1 0.00145024
1031  3 0.998433 1 0.00156653
1032  3 0.998342 1 0.00165782
1033  3 0.998521 1 0.00147877
1034  3 0.998364 1 0.00163609
1035  3 0.99862 1 0.00137503 0 5.43085e-006
1036  3 0.998491 1 0.00150878
1037  3 0.998386 1 0.00159109 2 2.24195e-005
1038  3 0.998372 1 0.00141849 2 0.000209092
1039  3 0.999107 1 0.000893073
1040  3 0.999001 1 0.000998673
1041  3 0.998765 1 0.00109971 0 0.00013549
1042  3 0.998936 1 0.00104979 2 1.4598e-005
1043  3 0.998964 1 0.000955696 2 7.61681e-005 0 4.15749e-006
1044  3 0.998885 1 0.00111452
1045  3 0.998758 1 0.0012421
1046  3 0.99863 1 0.00124101 2 0.000129113
1047  3 0.998584 1 0.00114661 0 0.000269395
1048  3 0.998644 1 0.00111886 2 0.00023724
1049  3 0.998499 1 0.00124608 2 0.000254947
1050  3 0.998372 1 0.00126759 2 0.000360644
1051  3 0.998589 1 0.00106644 0 0.000344266
1052  3 0.998525 1 0.000997013 2 0.000477942
1053  3 0.998395 1 0.00100765 2 0.000597436
1054  3 0.998408 1 0.00088944 2 0.000702908
1055  3 0.998382 1 0.00113294 2 0.000485334
1056  3 0.999162 1 0.00083823
1057  3 0.999276 1 0.0007243
1058  3 0.999218 1 0.000781865
1059  3 0.999116 1 0.000883614
1060  3 0.99897 1 0.000918511 0 0.000111625
1061  3 0.999512 1 0.0004882
1062  3 0.999454 1 0.000545917
1063  3 0.9991 1 0.000708782 0 0.000185619 2 5.79193e-006
1064  3 0.999337 1 0.000608055 2 5.47778e-005
1065  3 0.99916 1 0.000628088 0 0.000169635 2 4.18254e-005
1066  3 0.999394 1 0.000605601
1067  3 0.999335 1 0.000665048
1068  3 0.999223 1 0.000745073 2 3.15057e-005
1069  3 0.998858 1 0.000802522 0 0.000339445
1070  3 0.999047 1 0.000779675 0 0.000173644
1071  3 0.999002 1 0.000849314 0 0.000148831
1072  3 0.998786 1 0.000951016 0 0.000262557
1073  3 0.998669 1 0.000827742 0 0.00050317
1074  3 0.998631 1 0.0009064 0 0.00046247
1075  3 0.998428 1 0.00102508 0 0.000546963
1076  3 0.998256 1 0.0010683 0 0.000675428
1077  3 0.998605 1 0.000986209 0 0.000408559
1078  3 0.997425 1 0.00257459
1079  3 0.997291 1 0.00270891
1080  3 0.997648 1 0.00211597 2 0.000235883
1081  3 0.997528 1 0.0024719
1082  3 0.997383 1 0.00261675
1083  3 0.997353 1 0.00264748
1084  3 0.997228 1 0.00277187
1085  3 0.998147 1 0.000954057 2 0.000899043
1086  3 0.998012 1 0.00115003 2 0.000837983
1087  3 0.997742 1 0.00136221 2 0.000896009
1088  3 0.99788 1 0.00124175 2 0.00087849
1089  3 0.997876 1 0.00110106 2 0.0010227
1090  3 0.997887 1 0.00139867 2 0.000714765
1091  3 0.997765 1 0.00171318 2 0.000521642
1092  3 0.997627 1 0.00188883 2 0.000484325
1093  3 0.997598 1 0.00151772 2 0.000884571
1094  3 0.99761 1 0.00169139 2 0.000698686
1095  3 0.997482 1 0.00211195 2 0.00040615
1096  3 0.997326 1 0.00239034 2 0.000283167
1097  3 0.997593 1 0.00136512 2 0.00104178
1098  3 0.997448 1 0.00171663 2 0.000835614
1099  3 0.997073 1 0.00227706 2 0.000567965 0 8.19307e-005
1100  3 0.997284 1 0.00196498 2 0.000751146
1101  3 0.997229 1 0.00180824 2 0.000783053 0 0.000179711
1102  3 0.997304 1 0.0021629 2 0.000532797
1103  3 0.997152 1 0.00273356 2 0.000114526
1104  3 0.999571 1 0.000429112
1105  3 0.999457 1 0.000478385 2 6.49987e-005
1106  3 0.999133 1 0.000496217 0 0.000308923 2 6.2323e-005
1107  3 0.999301 1 0.000476479 0 0.000126159 2 9.65168e-005
1108  3 0.999392 1 0.000408903 2 0.000104948 0 9.39117e-005
1109  3 0.999225 1 0.000549887 0 0.000150622 2 7.44217e-005
1110  3 0.998971 1 0.000657505 0 0.000371844
1111  3 0.998436 0 0.000646558 1 0.00045606 2 0.00046124
1112  3 0.9986 0 0.000682381 1 0.000488929 2 0.000228272
1113  3 0.998699 0 0.000506584 2 0.000428947 1 0.000365334
1114  3 0.998426 0 0.000861863 1 0.000712506
1115  3 0.998506 0 0.000866099 1 0.000627921
1116  3 0.998257 0 0.0010073 1 0.000735406
1117  3 0.998775 0 0.000610784 1 0.000504531 2 0.000109493
1118  3 0.998945 1 0.000506817 0 0.000487891 2 6.05126e-005
1119  3 0.999035 1 0.000408771 0 0.000403377 2 0.000153044
1120  3 0.998858 1 0.000598605 0 0.00054343
1121  3 0.998361 0 0.00084072 1 0.000798577
1122  3 0.998602 0 0.000706095 1 0.000692161
1123  3 0.998784 1 0.00067397 0 0.000541616
1124  3 0.998721 1 0.000750035 0 0.000529323
1125  3 0.998145 0 0.000933743 1 0.000921014
1126  3 0.998313 1 0.000886427 0 0.000800256
1127  3 0.998281 1 0.000976379 0 0.000742314
1128  3 0.998297 2 0.000900781 1 0.000802718
1129  3 0.998487 1 0.000855518 0 0.000657964
1130  3 0.998159 2 0.00100322 1 0.000838121
1131  3 0.997973 0 0.00106727 1 0.000960159
1132  3 0.99817 2 0.0010999 1 0.00073029
1133  3 0.998015 2 0.00109196 1 0.000892572
1134  3 0.997873 2 0.00115402 1 0.000972853
1135  3 0.998283 2 0.000864081 0 0.000445715 1 0.000407016
1136  3 0.998198 0 0.000827884 1 0.000582937 2 0.0003908
1137  3 0.9979 2 0.00143996 1 0.000659949
1138  3 0.997926 0 0.00128257 1 0.000791513
1139  3 0.997915 2 0.00151427 1 0.000571152
1140  3 0.998091 0 0.00114697 1 0.000761574
1141  3 0.998022 0 0.00111865 1 0.000859559
1142  3 0.998035 2 0.00128479 1 0.000680671
1143  3 0.997719 2 0.00134495 1 0.000867886 0 6.7818e-005
1144  3 0.997884 2 0.00136132 1 0.00075435
1145  3 0.997876 2 0.00126636 1 0.000858081
1146  3 0.997729 2 0.00118829 1 0.00108255
1147  3 0.997433 1 0.00108738 0 0.000764083 2 0.000715852
1148  3 0.99753 1 0.00113813 2 0.00110229 0 0.000229931
1149  3 0.997374 1 0.00143976 2 0.000946894 0 0.000239695
1150  3 0.997141 1 0.00166771 2 0.000695632 0 0.000495424
1151  3 0.997591 1 0.00122819 2 0.00118061
1152  3 0.998305 2 0.00118855 1 0.000277104 0 0.000229164
1153  3 0.998122 2 0.0015308 1 0.00034693
1154  3 0.997779 2 0.00172239 1 0.000498474
1155  3 0.997961 2 0.00162729 1 0.000411398
1156  3 0.997995 2 0.00166722 1 0.000337848
1157  3 0.997933 2 0.00157903 1 0.000488442
1158  3 0.997582 0 0.00155115 1 0.000867183
1159  3 0.997221 0 0.00199783 1 0.00078147
1160  3 0.997369 0 0.00190316 1 0.000727374
1161  3 0.997563 0 0.00187653 1 0.000560926
1162  3 0.997117 0 0.00183125 1 0.00105191
1163  3 0.997256 0 0.00185354 1 0.000890194
1164  3 0.996928 0 0.00192245 1 0.00114946
1165  3 0.997545 0 0.001769 1 0.000686082
1166  3 0.997604 2 0.0017806 1 0.000614968
1167  3 0.997662 2 0.00180467 1 0.000533145
1168  3 0.997514 0 0.00170096 1 0.000784725
1169  3 0.997025 0 0.00175935 1 0.00121568
1170  3 0.997262 0 0.00176121 1 0.000976515
1171  3 0.997401 0 0.00168257 1 0.000916426
1172  3 0.997343 0 0.00160704 1 0.00105036
1173  3 0.996801 0 0.00167536 1 0.00152344
1174  3 0.996971 0 0.00164461 1 0.00138465
1175  3 0.997051 1 0.00153243 0 0.000971399 2 0.000445337
1176  3 0.996915 1 0.00191342 0 0.000701587 2 0.000470162
1177  3 0.997186 0 0.00128742 1 0.00125208 2 0.000274234
1178  1 0.968879 2 0.0269105 3 0.00310226 0 0.00110808
1179  1 0.997144 3 0.00285584
1180  1 0.60532 2 0.390152 3 0.00306495 0 0.00146263
1181  1 0.857754 2 0.137718 3 0.00320021 0 0.00132866
1182  1 0.860557 2 0.13503 3 0.00300168 0 0.0014113
1183  1 0.609292 2 0.386949 3 0.00255982 0 0.0011997
1184  1 0.863475 2 0.132223 3 0.0028155 0 0.00148589
1185  0 0.524831 2 0.441573 1 0.0312557 3 0.00234079
1186  2 0.763259 0 0.186528 1 0.0480933 3 0.00211895
1187  2 0.77425 0 0.174091 1 0.0503394 3 0.00131912
1188  2 0.766887 0 0.181664 1 0.0497768 3 0.00167207
1189  0 0.516003 2 0.447224 1 0.0354062 3 0.00136613
1190  2 0.853409 1 0.110681 0 0.0335799 3 0.00233001
1191  2 0.704084 1 0.291641 3 0.00267767 0 0.00159745
1192  2 0.706033 1 0.290996 3 0.00234032 0 0.00063083
1193  2 0.782158 0 0.166398 1 0.0501354 3 0.00130832
1194  2 0.862816 1 0.109343 0 0.0261497 3 0.001691
1195  2 0.708664 1 0.289262 3 0.00207409
1196  2 0.711646 1 0.286504 3 0.00184995
1197  0 0.519565 2 0.443349 1 0.0363925 3 0.000693483
1198  2 0.795796 0 0.153353 1 0.0493409 3 0.0015107
1199  2 0.818788 0 0.134471 1 0.0444638 3 0.00227742
1200  2 0.804588 0 0.146406 1 0.0471653 3 0.00184014
1201  0 0.499853 2 0.463815 1 0.0346928 3 0.00163927
1202  2 0.878022 1 0.102374 0 0.0179752 3 0.00162864
1203  2 0.716073 1 0.282311 3 0.00161538
1204  3 0.99626 1 0.00324082 0 0.000498878
1205  3 0.996646 1 0.00271033 2 0.00048428 0 0.000158942
1206  3 0.996661 1 0.00308063 0 0.000126628 2 0.000132129
1207  3 0.97272 0 0.0241308 1 0.00250743 2 0.000642279
1208  3 0.870204 0 0.127867 2 0.00130028 1 0.000628674
1209  3 0.996201 1 0.00171996 0 0.00121368 2 0.000865409
1210  3 0.99656 1 0.00193175 2 0.000934299 0 0.000573851
1211  3 0.872091 0 0.126634 2 0.000939042 1 0.000335756
1212  3 0.974169 0 0.0232154 1 0.00133059 2 0.00128542
1213  3 0.873784 0 0.125508 2 0.000599385 1 0.000108037
1214  3 0.996515 1 0.00215476 2 0.000883988 0 0.000446624
1215  3 0.996843 1 0.00241047 2 0.000732791 0 1.33299e-005
1216  3 0.973709 0 0.0232691 1 0.00180907 2 0.00121248
1217  3 0.629062 0 0.370938
1218  3 0.871596 0 0.126787 2 0.00114705 1 0.000469318
1219  3 0.87171 0 0.126464 2 0.0012681 1 0.000558174
1220  3 0.621364 0 0.378636
1221  0 0.765181 3 0.234819
1222  0 0.729823 3 0.270177
1223  0 0.882633 3 0.102781 2 0.0135643 1 0.00102193
1224  0 0.833597 2 0.140686 3 0.0130383 1 0.0126782
1225  0 0.714815 3 0.285185
1226  0 0.842281 2 0.133558 3 0.0106942 1 0.0134673
1227  0 0.725365 3 0.274635
1228  0 0.885912 3 0.102213 2 0.0118419 1 3.29978e-005
1229  0 0.846278 2 0.129102 3 0.00998916 1 0.0146312
1230  0 0.853409 2 0.121481 1 0.0154444 3 0.00966579
1231  3 0.996055 0 0.00180455 1 0.00150106 2 0.000639523
1232  3 0.976137 0 0.0223199 1 0.00080966 2 0.000733202
1233  3 0.657813 0 0.342187
1234  3 0.88198 0 0.11802
1235  3 0.884573 0 0.115427
1236  3 0.877781 0 0.122219
1237  3 0.6446 0 0.3554
1238  0 0.666616 3 0.333384
1239  0 0.662007 3 0.337993
1240  0 0.662608 3 0.337392
1241  0 0.901504 3 0.0955 1 0.00179514 2 0.00120089
1242  0 0.860054 2 0.114368 1 0.0161024 3 0.00947549
1243  0 0.639871 3 0.341646 1 0.0184827
1244  0 0.896839 3 0.0989587 1 0.00420207
1245  0 0.861182 2 0.111629 1 0.0171892 3 0.00999906
1246  0 0.849745 2 0.120213 1 0.0175282 3 0.0125139
1247  0 0.86519 2 0.109406 1 0.0165935 3 0.00881073
1248  3 0.996128 0 0.00244468 1 0.00124313 2 0.000184004
1249  3 0.996135 0 0.00313477 1 0.000729993
1250  3 0.99617 0 0.00285849 1 0.000971727
1251  3 0.977396 0 0.0225612 1 4.25722e-005
1252  3 0.885677 0 0.114323
1253  3 0.997039 0 0.00296149
1254  3 0.997005 0 0.00299465 1 8.14315e-007
1255  3 0.888714 0 0.110062 2 0.00122381
1256  3 0.976885 0 0.0220943 2 0.00102071
1257  3 0.888931 0 0.109726 2 0.00134263
1258  3 0.996553 0 0.00319232 1 0.000254553
1259  3 0.9962 0 0.00330439 1 0.000495433
1260  3 0.975339 0 0.0246612
1261  3 0.674811 0 0.325189
1262  3 0.887297 0 0.111815 2 0.000888748
1263  3 0.887868 0 0.111846 2 0.00028627
1264  3 0.665785 0 0.334215
1265  0 0.633887 3 0.360476 1 0.00563654
1266  0 0.639939 3 0.352532 1 0.00752805
1267  0 0.874165 3 0.104908 1 0.0102358 2 0.0106906
1268  0 0.833122 2 0.134379 3 0.0149956 1 0.0175039
1269  0 0.643648 3 0.344907 1 0.0114452
1270  1 0.997276 3 0.00272421
1271  1 0.867535 2 0.128265 3 0.00264329 0 0.0015567
1272  1 0.971113 2 0.024854 3 0.00281201 0 0.00122095
1273  1 0.997299 3 0.00270101
1274  1 0.996972 3 0.00262113 0 0.00040726
1275  2 0.824735 0 0.130872 1 0.0417357 3 0.00265701
1276  2 0.892174 1 0.0945813 0 0.0112595 3 0.00198541
1277  1 0.62731 2 0.370723 3 0.00192748 0 3.95938e-005
1278  2 0.716196 1 0.28262 3 0.00118356
1279  2 0.71679 1 0.282322 3 0.000887834
1280  2 0.716709 1 0.281899 3 0.0013918
1281  1 0.616078 2 0.381041 3 0.00218385 0 0.000696696
1282  1 0.86994 2 0.125971 3 0.00248048 0 0.00160884
1283  1 0.872867 2 0.123299 3 0.00218886 0 0.00164446
1284  1 0.872799 2 0.123223 3 0.00233041 0 0.00164733
1285  1 0.972663 2 0.0234672 3 0.00254977 0 0.00131996
1286  1 0.997267 3 0.002535 0 0.000198384
1287  1 0.874487 2 0.121832 3 0.00206209 0 0.00161951
1288  1 0.972548 2 0.0237563 3 0.00231342 0 0.00138188
1289  1 0.997482 3 0.00237139 0 0.00014623
1290  1 0.997702 3 0.00229778
1291  1 0.997464 3 0.00245412 0 8.17625e-005
1292  3 0.997207 0 0.00220504 2 0.000587786
1293  3 0.976901 0 0.0213221 2 0.00177717
1294  3 0.689671 0 0.310329
1295  3 0.889883 0 0.108806 2 0.00131034
1296  3 0.890283 0 0.108484 2 0.00123262
1297  3 0.890319 0 0.108302 2 0.00137913
1298  3 0.685209 0 0.314791
1299  2 0.518277 0 0.461405 1 0.0164322 3 0.00388619
1300  0 0.741544 2 0.216864 3 0.0285312 1 0.0130608
1301  0 0.739279 2 0.219315 3 0.02898 1 0.0124258
1302  0 0.760621 2 0.199564 3 0.025175 1 0.01464
1303  0 0.750203 2 0.209105 3 0.0268909 1 0.0138011
1304  2 0.518827 0 0.457865 1 0.0196452 3 0.0036621
1305  0 0.80606 3 0.137813 2 0.0471716 1 0.00895545
1306  3 0.384194 0 0.611923 1 0.00388384
1307  3 0.385084 0 0.61101 1 0.00390667
1308  3 0.380531 0 0.61561 1 0.00385854
1309  0 0.774792 2 0.186601 3 0.023069 1 0.0155383
1310  0 0.820925 3 0.131638 2 0.0378698 1 0.00956787
1311  3 0.374666 0 0.621281 1 0.00405333
1312  0 0.628417 3 0.36695 1 0.00463338
1313  2 0.524636 0 0.447178 1 0.0245417 3 0.00364443
1314  0 0.7942 2 0.168966 3 0.0204696 1 0.0163649
1315  0 0.81507 2 0.150324 3 0.0175662 1 0.0170395
1316  2 0.497267 0 0.469801 1 0.0301515 3 0.00278024
1317  0 0.848519 3 0.120056 2 0.0213241 1 0.0101001
1318  2 0.825384 0 0.13271 1 0.0389641 3 0.00294219
1319  2 0.827894 0 0.135353 1 0.0335469 3 0.00320635
1320  2 0.828917 0 0.131381 1 0.0365567 3 0.00314458
1321  2 0.895552 1 0.0905211 0 0.0115186 3 0.00240855
1322  2 0.714532 1 0.28483 3 0.000638345
1323  2 0.811998 0 0.159125 1 0.0262133 3 0.00266385
1324  2 0.81454 0 0.155196 1 0.0274196 3 0.0028435
1325  2 0.710807 1 0.289183 3 9.48398e-006
1326  2 0.879525 1 0.0943748 0 0.0235348 3 0.00256581
1327  2 0.7085 1 0.2915
1328  2 0.81791 0 0.149994 1 0.0290804 3 0.00301641
1329  2 0.821837 0 0.143793 1 0.0312229 3 0.003147
1330  2 0.890137 1 0.0906437 0 0.0165987 3 0.00262085
1331  1 0.637413 2 0.361214 3 0.00137331
1332  2 0.715147 1 0.284752 3 0.000101107
1333  2 0.712934 1 0.286648 3 0.000417449
1334  1 0.635488 2 0.362853 3 0.00165872
1335  1 0.867364 2 0.129605 3 0.00174015 0 0.00129151
1336  1 0.87138 2 0.125343 3 0.00183764 0 0.00143994
1337  1 0.97319 2 0.02331 3 0.00210791 0 0.00139183
1338  1 0.997789 3 0.00221108
1339  1 0.872962 2 0.123549 3 0.00194384 0 0.0015444
1340  2 0.812131 0 0.160663 1 0.024747 3 0.00245896
1341  2 0.872284 1 0.0965848 0 0.0287986 3 0.00233261
1342  1 0.61815 2 0.381111 3 0.000738288
1343  2 0.703976 1 0.296024
1344  2 0.703922 1 0.296078
1345  2 0.705802 1 0.294198
1346  1 0.624184 2 0.374781 3 0.00103444
1347  1 0.997906 3 0.00182563 0 0.000268204
1348  1 0.997903 3 0.0017652 0 0.000332077
1349  1 0.997979 3 0.0019575 0 6.34169e-005
1350  1 0.99792 3 0.00188911 0 0.000190847
1351  1 0.969601 2 0.0276472 3 0.00164156 0 0.0011106
1352  1 0.857628 2 0.140241 3 0.00143226 0 0.00069863
1353  1 0.858456 2 0.139574 3 0.0013688 0 0.000601532
1354  1 0.857637 2 0.140048 3 0.00149953 0 0.000815717
1355  1 0.997976 3 0.0020242
1356  1 0.970171 2 0.0268283 3 0.00177466 0 0.00122568
1357  1 0.85828 2 0.139203 3 0.00157139 0 0.000945972
1358  1 0.861585 2 0.135654 3 0.00165096 0 0.00111013
1359  1 0.997937 3 0.00206277
1360  1 0.997878 3 0.00212189
1361  1 0.971533 2 0.0252092 3 0.00192837 0 0.00132991
1362  1 0.970444 2 0.0268152 3 0.00150358 0 0.00123768
1363  1 0.99785 3 0.00169549 0 0.000454597
1364  1 0.618239 2 0.381198 3 0.000562808
1365  1 0.860629 2 0.137279 3 0.00129472 0 0.000797653
1366  1 0.865682 2 0.132065 3 0.00122333 0 0.00102988
1367  1 0.621175 2 0.378315 3 0.000510747
1368  1 0.871893 2 0.125678 3 0.00115438 0 0.00127485
1369  2 0.519371 0 0.461911 1 0.0149156 3 0.0038021
1370  2 0.814154 0 0.159271 1 0.0240392 3 0.00253577
1371  2 0.824462 0 0.152011 1 0.0209296 3 0.00259737
1372  2 0.818991 0 0.155821 1 0.0225928 3 0.00259448
1373  2 0.523517 0 0.459302 1 0.0137812 3 0.00339978
1374  2 0.873581 1 0.0947629 0 0.0294274 3 0.0022287
1375  2 0.704256 1 0.295744
1376  2 0.704903 1 0.295097
1377  2 0.826219 0 0.152654 1 0.0185738 3 0.0025538
1378  2 0.880253 1 0.0891494 0 0.028315 3 0.0022827
1379  2 0.706178 1 0.293822
1380  2 0.705413 1 0.294587
1381  2 0.538267 0 0.447458 1 0.0118819 3 0.00239322
1382  2 0.831898 0 0.150024 1 0.0156429 3 0.00243509
1383  2 0.827815 0 0.159557 1 0.0107356 3 0.00189208
1384  2 0.832658 0 0.152066 1 0.0130557 3 0.00222009
1385  2 0.55919 0 0.430103 1 0.0091207 3 0.0015859
1386  2 0.892913 1 0.0775489 0 0.0273274 3 0.00221092
1387  2 0.709561 1 0.290439
1388  3 0.997333 0 0.00188448 2 0.000782449
1389  3 0.997443 2 0.00254143 1 1.51196e-005
1390  3 0.997511 2 0.00128706 0 0.00120185
1391  3 0.977365 0 0.0202664 2 0.00236818
1392  3 0.891121 0 0.107497 2 0.00138209
1393  3 0.997978 0 0.00146994 2 0.000552148
1394  3 0.997898 0 0.00110873 2 0.000992783
1395  3 0.900068 0 0.0977861 2 0.00214583
1396  3 0.976291 2 0.0237086
1397  3 0.908144 0 0.0900515 2 0.00180487
1398  3 0.997576 2 0.0024242
1399  3 0.997429 2 0.0025708
1400  3 0.9794 0 0.0160561 2 0.00454414
1401  3 0.699939 0 0.300061
1402  3 0.896841 0 0.101266 2 0.00189219
1403  3 0.893516 0 0.104869 2 0.00161513
1404  3 0.691671 0 0.308329
1405  3 0.381568 0 0.614376 1 0.00405672
1406  3 0.384269 0 0.611706 1 0.00402514
1407  0 0.802073 3 0.138209 2 0.0509879 1 0.00872977
1408  0 0.738925 2 0.220258 3 0.0284686 1 0.0123483
1409  3 0.384893 0 0.611127 1 0.00397966
1410  0 0.740427 2 0.220182 3 0.0271707 1 0.0122207
1411  3 0.378702 0 0.6172 1 0.00409833
1412  0 0.811697 3 0.128953 2 0.0505381 1 0.00881122
1413  0 0.744385 2 0.218992 3 0.0245754 1 0.0120473
1414  0 0.750588 2 0.217572 3 0.0200106 1 0.01183
1415  3 0.998381 0 0.00121655 2 0.000402643
1416  3 0.987784 0 0.0122163
1417  3 0.717557 0 0.282213 1 0.00022911
1418  3 0.91316 0 0.0868399
1419  3 0.911762 0 0.0882379
1420  3 0.914226 0 0.0857745
1421  3 0.70781 0 0.292078 1 0.000112149
1422  0 0.624445 3 0.371457 1 0.00409745
1423  0 0.64881 3 0.347027 1 0.00416313
1424  0 0.635385 3 0.360523 1 0.00409206
1425  0 0.828741 3 0.111841 2 0.050555 1 0.00886373
1426  0 0.752548 2 0.218675 3 0.0173215 1 0.0114556
1427  0 0.661069 3 0.334708 1 0.00422319
1428  0 0.855189 3 0.0860275 2 0.049934 1 0.00884903
1429  0 0.753571 2 0.223555 3 0.0125497 1 0.0103238
1430  0 0.753375 2 0.227532 1 0.00961848 3 0.00947536
1431  0 0.755028 2 0.218964 3 0.0150364 1 0.0109708
1432  3 0.998664 0 0.000996191 2 0.000339877
1433  3 0.998786 0 0.00103729 2 0.000122044 1 5.48207e-005
1434  3 0.99886 0 0.000827163 2 0.000312452
1435  3 0.990604 0 0.00939572
1436  3 0.914863 0 0.0851373
1437  3 0.999382 0 0.000482645 1 0.000135525
1438  3 0.999322 0 0.000552736 1 0.000125118
1439  3 0.893636 0 0.106364
1440  3 0.983132 0 0.0168677
1441  3 0.888179 0 0.111821
1442  3 0.999434 0 0.000453287 1 0.000113035
1443  3 0.999293 0 0.000607166 1 0.00010023
1444  3 0.988143 0 0.0118566
1445  3 0.67302 0 0.326602 1 0.000378113
1446  3 0.907514 0 0.0924859
1447  3 0.913708 0 0.0862916
1448  3 0.701384 0 0.298271 1 0.000344835
1449  0 0.686133 3 0.310018 1 0.00384937
1450  0 0.678873 3 0.317092 1 0.00403497
1451  0 0.872343 3 0.0744175 2 0.0447055 1 0.00853369
1452  0 0.757034 2 0.22651 1 0.00895278 3 0.0075034
1453  0 0.67126 3 0.324455 1 0.00428488
1454  1 0.997744 3 0.00162455 0 0.000589038 2 4.21926e-005
1455  1 0.878796 2 0.118596 0 0.00151872 3 0.00108875
1456  1 0.975578 2 0.0214145 0 0.00165687 3 0.00135069
1457  1 0.997778 3 0.00155499 0 0.000666712
1458  1 0.998033 3 0.00149408 0 0.000472474
1459  2 0.821164 0 0.168461 1 0.00890975 3 0.00146472
1460  2 0.897704 1 0.0700049 0 0.0304272 3 0.00186426
1461  1 0.630549 2 0.36916 3 0.000291768
1462  2 0.715255 1 0.284745
1463  2 0.721605 1 0.278395
1464  2 0.712398 1 0.287602
1465  1 0.625909 2 0.373665 3 0.000426123
1466  1 0.888494 2 0.108694 0 0.00178421 3 0.00102861
1467  1 0.899827 2 0.0971698 0 0.00207143 3 0.000931843
1468  1 0.89415 2 0.102918 0 0.00195712 3 0.000974979
1469  1 0.982586 2 0.0140957 0 0.00211726 3 0.00120064
1470  1 0.997872 3 0.0014137 0 0.000713874
1471  1 0.901312 2 0.0957412 0 0.0020456 3 0.000900867
1472  1 0.990736 2 0.00563587 0 0.00256558 3 0.00106298
1473  1 0.997686 3 0.00124886 0 0.0010647
1474  1 0.997481 0 0.00135764 3 0.00116117
1475  1 0.997832 3 0.00133432 0 0.00083338
1476  3 0.982279 0 0.0177214
1477  3 0.635447 0 0.364043 1 0.000400137 2 0.000109356
1478  3 0.880506 0 0.119494
1479  3 0.884854 0 0.115146
1480  3 0.651575 0 0.347995 1 0.000429774
1481  2 0.43821 0 0.556681 1 0.00510949
1482  0 0.798147 2 0.189654 1 0.00687416 3 0.00532437
1483  0 0.789287 2 0.198305 1 0.00729767 3 0.0051101
1484  0 0.795001 2 0.192618 1 0.00707157 3 0.00530918
1485  2 0.457551 0 0.537141 1 0.00530851
1486  0 0.87 3 0.0798716 2 0.0431273 1 0.00700092
1487  0 0.7005 3 0.296344 1 0.00315544
1488  0 0.700165 3 0.296539 1 0.00329522
1489  0 0.782788 2 0.204406 1 0.00760545 3 0.00520071
1490  0 0.873917 3 0.0754754 2 0.0431775 1 0.00743056
1491  0 0.699683 3 0.296926 1 0.00339121
1492  0 0.694208 3 0.302219 1 0.0035736
1493  2 0.496836 0 0.497605 1 0.00555941
1494  0 0.774249 2 0.211798 1 0.00796574 3 0.00598735
1495  0 0.767687 2 0.217831 1 0.00845363 3 0.00602906
1496  2 0.547977 0 0.444857 1 0.00660356 3 0.000562287
1497  0 0.873162 3 0.0735926 2 0.0453168 1 0.0079291
1498  2 0.812376 0 0.18001 1 0.00662599 3 0.000988881
1499  2 0.788791 0 0.207288 1 0.00392096
1500  2 0.801023 0 0.19319 1 0.0053006 3 0.000486261
1501  2 0.899318 1 0.0607835 0 0.0386841 3 0.00121472
1502  2 0.727006 1 0.272994
1503  2 0.724733 0 0.267226 1 0.00804137
1504  2 0.729914 0 0.262543 1 0.0075427
1505  2 0.731588 1 0.266862 0 0.00107387 3 0.000476214
1506  2 0.872248 1 0.0633841 0 0.064368
1507  2 0.726195 1 0.269977 0 0.00357986 3 0.00024896
1508  2 0.745809 0 0.248681 1 0.0055101
1509  2 0.765979 0 0.229845 1 0.00417594
1510  2 0.88885 1 0.059616 0 0.0511309 3 0.000403562
1511  1 0.615707 2 0.384293
1512  2 0.733365 1 0.266186 3 0.000448225
1513  2 0.728722 1 0.271034 3 0.000243638
1514  1 0.626522 2 0.373365 3 0.00011309
1515  1 0.886448 2 0.111535 0 0.001149 3 0.000867656
1516  1 0.892235 2 0.105364 0 0.00152744 3 0.000873518
1517  1 0.995195 0 0.00281063 2 0.00104011 3 0.000954509
1518  1 0.997305 0 0.00162317 3 0.00107157
1519  1 0.897045 2 0.100238 0 0.00183477 3 0.00088251
1520  2 0.860688 1 0.0658344 0 0.073478
1521  1 0.603966 2 0.396034
1522  2 0.723455 1 0.269608 0 0.00693763
1523  2 0.7231 1 0.270293 0 0.0065701 3 3.78253e-005
1524  1 0.609639 2 0.390361
1525  1 0.996528 0 0.00293886 3 0.000533194
1526  1 0.996634 0 0.00270918 3 0.000657193
1527  1 0.996526 0 0.00289107 3 0.000582708
1528  1 0.984759 2 0.012772 0 0.00167153 3 0.000797676
1529  1 0.868624 2 0.130647 3 0.000729371
1530  1 0.871085 2 0.128018 3 0.000799565 0 9.73334e-005
1531  1 0.996818 0 0.00242254 3 0.000759439
1532  1 0.98725 2 0.00977039 0 0.00212393 3 0.000855623
1533  1 0.872385 2 0.126439 3 0.000833682 0 0.000342339
1534  1 0.873029 2 0.125481 3 0.000855015 0 0.000635128
1535  1 0.997004 0 0.00212517 3 0.000870378
1536  1 0.997172 0 0.00185463 3 0.000973797
1537  1 0.993274 2 0.00319472 0 0.00263838 3 0.000892898
#####################################################
