#####################################################
# (c) Binh Le (bhle2@cs.uh.edu)
#
# Running time: 1.735 (s)
# Repeat      : 21
#
#####################################################
*OBJFILENAME
..\Data\cube.obj
#####################################################
*BONEANIMATION, BONEINDEX=0, NFRAMES=4
0 0.999999 -0.000221614 -0.00112785 0.00104378 0.000219519 0.999998 -0.00185721 0.0018831 0.00112826 0.00185696 0.999998 -0.000218214 0 0 0 1
1 1 -7.92861e-005 0.000728579 -0.00173536 7.96073e-005 1 -0.000440753 0.000286086 -0.000728544 0.000440811 1 -0.00229615 0 0 0 1
2 0.986033 0.157585 -0.0538999 -0.0513957 -0.0060646 0.357388 0.933936 -0.145369 0.166437 -0.920565 0.353352 0.78215 0 0 0 1
3 0.999506 0.0193435 -0.0247814 0.00495236 -0.0196103 0.999752 -0.0105669 0.00687414 0.0245709 0.0110477 0.999637 -0.00294428 0 0 0 1
#####################################################
*BONEANIMATION, BONEINDEX=1, NFRAMES=4
0 0.89359 0.00974197 0.448779 -0.325153 -0.305598 0.745505 0.592311 -0.44403 -0.328797 -0.666429 0.669153 0.202876 0 0 0 1
1 0.929762 0.357408 0.0883246 0.0743136 -0.363393 0.852439 0.37589 -0.122795 0.0590548 -0.381585 0.922445 0.92976 0 0 0 1
2 1 -0.000619438 0.000468884 -0.000570936 0.000619768 1 -0.000704412 0.000643482 -0.000468447 0.000704703 1 0.000129057 0 0 0 1
3 0.188782 -0.83492 0.516981 -0.283917 0.174746 0.546606 0.818954 -0.304558 -0.966346 -0.0642636 0.249089 0.136837 0 0 0 1
#####################################################
*BONEANIMATION, BONEINDEX=2, NFRAMES=4
0 0.999999 0.000368856 0.00115193 -0.0009899 -0.000371124 0.999998 0.00196898 -0.00167841 -0.0011512 -0.00196941 0.999997 0.000146113 0 0 0 1
1 0.599058 -0.00944494 0.80065 -0.394677 -0.355108 0.893081 0.276233 -0.0848486 -0.717654 -0.449797 0.531654 0.461511 0 0 0 1
2 0.999994 -0.00282511 0.00205015 -0.00104296 0.00282773 0.999995 -0.00127657 -1.39967e-005 -0.00204654 0.00128235 0.999997 0.00094677 0 0 0 1
3 0.678738 -0.54077 0.496873 0.0194626 0.31139 0.824677 0.47217 -0.150463 -0.665095 -0.165758 0.72813 0.216602 0 0 0 1
#####################################################
*BONEANIMATION, BONEINDEX=3, NFRAMES=4
0 1 -8.82944e-005 -0.000524244 0.000662136 8.78809e-005 1 -0.000788717 0.00126724 0.000524314 0.000788671 1 -0.000227261 0 0 0 1
1 0.999997 -0.000703733 -0.00222941 0.00316656 0.000699805 0.999998 -0.00176242 0.0021227 0.00223065 0.00176086 0.999996 -0.00253999 0 0 0 1
2 0.77128 0.470592 -0.428567 0.17311 -0.350289 0.876013 0.33151 0.204758 0.531436 -0.105565 0.840495 -0.196964 0 0 0 1
3 0.747253 -0.257981 0.612421 0.0526562 -0.467118 0.451576 0.760184 0.295825 -0.472668 -0.854122 0.216934 1.26844 0 0 0 1
#####################################################
*VERTEXWEIGHTS, NVERTICES=1538  #(vtx0Based bone0 w0 bone1 w1 ... )
0  1 0.998606 3 0.000854805 0 0.000412945 2 0.000126248
1  1 0.998915 3 0.00077167 0 0.00030092 2 1.27171e-005
2  1 0.998329 3 0.00110761 0 0.000437348 2 0.000126173
3  1 0.998728 3 0.0010638 0 0.000208398
4  3 0.996254 2 0.00264124 1 0.00110483
5  3 0.996637 2 0.00214724 1 0.00121531
6  3 0.995898 2 0.00287134 1 0.00123022
7  3 0.99617 2 0.00250487 1 0.00132541
8  2 0.489975 0 0.509462 3 0.000515504 1 4.77439e-005
9  3 0.996055 2 0.00275625 1 0.00118834
10  0 0.520859 2 0.477458 3 0.000962948 1 0.000719807
11  1 0.9984 3 0.000983996 0 0.000445724 2 0.000170766
12  0 0.535986 2 0.462962 3 0.000847627 1 0.000204819
13  1 0.99862 3 0.000920541 0 0.000403707 2 5.61697e-005
14  1 0.998432 3 0.00104989 0 0.000401049 2 0.000116851
15  1 0.998731 3 0.000801976 0 0.000371395 2 9.5648e-005
16  1 0.998824 3 0.000896386 0 0.00027964
17  0 0.532249 2 0.466724 3 0.000829448 1 0.000197345
18  3 0.99599 2 0.00272316 1 0.00128647
19  0 0.566261 2 0.432611 3 0.000571695 1 0.000555968
20  3 0.996162 2 0.00260154 1 0.00123599
21  3 0.996369 2 0.0023502 1 0.00128065
22  3 0.996406 2 0.00243152 1 0.00116264
23  0 0.494484 2 0.504643 3 0.000872927
24  2 0.524256 0 0.473453 3 0.00229163
25  2 0.55383 0 0.445446 3 0.000724161
26  1 0.608178 2 0.389112 3 0.00230466 0 0.000405548
27  0 0.516156 2 0.483036 3 0.000455584 1 0.000352607
28  1 0.594859 2 0.402597 3 0.00218689 0 0.000356837
29  3 0.995968 2 0.00281231 1 0.0012192
30  3 0.655059 0 0.341692 1 0.00159659 2 0.0016521
31  3 0.645 0 0.35168 1 0.00168237 2 0.00163749
32  3 0.646969 0 0.349871 1 0.00161893 2 0.00154065
33  3 0.996159 2 0.00269037 1 0.00115102
34  3 0.623727 0 0.373319 1 0.00169934 2 0.00125422
35  1 0.998516 3 0.000918055 0 0.000432641 2 0.000132936
36  1 0.60633 2 0.390813 3 0.00247617 0 0.000380915
37  1 0.570192 2 0.426551 3 0.00295311 0 0.000303627
38  1 0.579614 2 0.417345 3 0.0027434 0 0.000297321
39  1 0.998359 3 0.0010479 0 0.00044805 2 0.00014459
40  0 0.530158 2 0.468786 3 0.000625334 1 0.000431496
41  3 0.646634 0 0.349909 1 0.00174533 2 0.00171124
42  1 0.99859 3 0.000887217 0 0.000418325 2 0.000104569
43  1 0.998516 3 0.000951447 0 0.000434314 2 9.80792e-005
44  1 0.998637 3 0.00105167 0 0.000311052
45  1 0.998553 3 0.000985099 0 0.000409343 2 5.27206e-005
46  1 0.99869 3 0.00097818 0 0.00033155
47  1 0.998445 3 0.00101539 0 0.000440395 2 9.87716e-005
48  1 0.998403 3 0.00107649 0 0.00043183 2 8.85328e-005
49  1 0.998607 3 0.000827296 0 0.000396937 2 0.000169001
50  1 0.998729 3 0.000858366 0 0.000389393 2 2.30155e-005
51  1 0.998847 3 0.000825238 0 0.000299722 2 2.75438e-005
52  1 0.998819 3 0.000841176 0 0.000340264
53  1 0.998812 3 0.000783089 0 0.000337745 2 6.70958e-005
54  1 0.998753 3 0.00090756 0 0.000339232
55  1 0.998775 3 0.000982722 0 0.000241954
56  1 0.590628 2 0.406254 3 0.00285512 0 0.000262404
57  0 0.541054 2 0.458087 3 0.000597901 1 0.000261428
58  3 0.99607 2 0.00262009 1 0.00130952
59  3 0.677643 0 0.31894 1 0.00175923 2 0.00165752
60  3 0.654657 0 0.342282 1 0.00173805 2 0.00132369
61  3 0.655257 0 0.341294 1 0.00177316 2 0.00167565
62  3 0.995935 2 0.00280294 1 0.00126237
63  1 0.615808 2 0.381158 3 0.00279533 0 0.000238396
64  1 0.596648 2 0.400393 3 0.00295882
65  1 0.600663 2 0.396517 3 0.00281991
66  0 0.561114 2 0.437762 3 0.000703944 1 0.000420383
67  3 0.638507 0 0.358687 1 0.00170141 2 0.00110434
68  3 0.996094 2 0.00269987 1 0.0012063
69  3 0.996207 2 0.00261848 1 0.00117432
70  3 0.996002 2 0.00275861 1 0.00123893
71  3 0.996063 2 0.00267147 1 0.00126552
72  3 0.996149 2 0.00255982 1 0.00129092
73  3 0.996281 2 0.00251844 1 0.00120064
74  3 0.996326 2 0.00253977 1 0.00113417
75  3 0.996257 2 0.00243247 1 0.00131053
76  3 0.996255 2 0.00248294 1 0.00126186
77  3 0.99638 2 0.00239235 1 0.00122722
78  3 0.996501 2 0.0022504 1 0.00124909
79  3 0.996513 2 0.00229528 1 0.00119174
80  0 0.517582 2 0.481488 3 0.00068821 1 0.000241827
81  1 0.600597 2 0.396907 3 0.00213727 0 0.000359597
82  3 0.636106 0 0.36105 1 0.00174083 2 0.00110303
83  3 0.660223 0 0.33707 1 0.00170049 2 0.00100695
84  3 0.678134 0 0.319663 1 0.00162397 2 0.000579022
85  1 0.621804 2 0.375865 3 0.00202533 0 0.000305424
86  3 0.688344 0 0.309572 1 0.00157905 2 0.000504713
87  2 0.532335 0 0.465954 3 0.00171057
88  1 0.617598 2 0.380172 3 0.00202115 0 0.000209051
89  1 0.608278 2 0.389508 3 0.0020464 0 0.000167582
90  2 0.524716 0 0.474004 3 0.00127941
91  1 0.613753 2 0.384072 3 0.00217578
92  3 0.703401 0 0.294059 1 0.0015555 2 0.000984265
93  3 0.710343 0 0.286257 2 0.00182912 1 0.00157135
94  3 0.662994 0 0.334304 1 0.00166245 2 0.00103898
95  1 0.620111 2 0.377521 3 0.00236735
96  0 0.531329 2 0.468097 3 0.00030439 1 0.000268937
97  1 0.602727 2 0.39462 3 0.00265244
98  1 0.969262 2 0.0292148 3 0.000996352 0 0.000526865
99  1 0.59935 2 0.398033 3 0.00225184 0 0.000365171
100  1 0.968502 2 0.0300388 3 0.000957259 0 0.000501916
101  0 0.509455 2 0.489937 3 0.000486704 1 0.000120617
102  2 0.908374 1 0.0641428 0 0.0237164 3 0.00376674
103  2 0.925601 1 0.0555554 0 0.0148206 3 0.00402299
104  2 0.892057 1 0.0721244 0 0.032271 3 0.00354792
105  0 0.523744 2 0.475009 1 0.000780008 3 0.000467693
106  2 0.890636 1 0.0723811 0 0.0335542 3 0.00342878
107  3 0.995931 2 0.00284104 1 0.00122771
108  3 0.987666 0 0.00806713 2 0.00302484 1 0.00124206
109  3 0.985943 0 0.00974618 2 0.00303509 1 0.001276
110  3 0.991922 0 0.00390175 2 0.00302601 1 0.00115062
111  3 0.992744 0 0.00302531 2 0.00303612 1 0.00119468
112  3 0.99601 2 0.00278426 1 0.00120575
113  3 0.653747 0 0.342965 1 0.0016278 2 0.0016609
114  0 0.916736 3 0.0711026 2 0.00944156 1 0.00271987
115  0 0.908059 3 0.0767546 2 0.0125108 1 0.00267587
116  0 0.913135 3 0.0724456 2 0.011688 1 0.00273116
117  3 0.987734 0 0.00814501 2 0.00300203 1 0.00111872
118  3 0.654638 0 0.342138 1 0.00159216 2 0.00163155
119  0 0.900708 3 0.0814985 2 0.0150555 1 0.00273778
120  0 0.878099 3 0.0935688 2 0.0256326 1 0.0026991
121  3 0.996105 2 0.00272404 1 0.0011705
122  3 0.98182 0 0.0141181 2 0.00295478 1 0.00110755
123  3 0.972468 0 0.0236078 2 0.00280091 1 0.00112336
124  3 0.975839 0 0.020164 2 0.00288336 1 0.0011137
125  3 0.996201 2 0.00267545 1 0.00112371
126  3 0.629146 0 0.367811 1 0.00166889 2 0.0013743
127  0 0.875778 3 0.0954192 2 0.0260519 1 0.0027512
128  1 0.998563 3 0.000885845 0 0.000423201 2 0.000127989
129  1 0.972744 2 0.025675 3 0.00102663 0 0.000554406
130  1 0.982914 2 0.0154108 3 0.00107026 0 0.000605063
131  1 0.976234 2 0.0221304 3 0.00105596 0 0.000579285
132  1 0.998464 3 0.000950953 0 0.000440368 2 0.000144867
133  1 0.611659 2 0.385431 3 0.00237436 0 0.000535157
134  2 0.922718 1 0.0510007 0 0.0221029 3 0.00417813
135  1 0.970491 2 0.02767 3 0.00125365 0 0.000585229
136  1 0.971376 2 0.0268087 3 0.00121816 0 0.000596742
137  1 0.998338 3 0.00107826 0 0.000444392 2 0.000138863
138  2 0.87322 1 0.0703322 0 0.0519448 3 0.00450351
139  1 0.573677 2 0.423197 3 0.0028529 0 0.000272568
140  2 0.87364 1 0.0693112 0 0.0523503 3 0.00469821
141  1 0.976884 2 0.0213429 3 0.00116355 0 0.000609895
142  1 0.981489 2 0.016785 3 0.00111182 0 0.000613728
143  1 0.99839 3 0.00101631 0 0.000448614 2 0.000144897
144  1 0.595686 2 0.401377 3 0.00259749 0 0.000339623
145  0 0.534044 2 0.465061 3 0.000652984 1 0.000242377
146  2 0.901695 1 0.0599367 0 0.0338809 3 0.0044874
147  2 0.918413 1 0.0543421 0 0.0228724 3 0.00437254
148  0 0.524085 2 0.475353 3 0.000444407 1 0.000117649
149  0 0.865049 3 0.104413 2 0.0280233 1 0.00251437
150  0 0.872527 3 0.0999935 2 0.0249308 1 0.00254826
151  3 0.646639 0 0.349964 1 0.0017189 2 0.00167809
152  3 0.983843 0 0.0118129 2 0.00304507 1 0.00129942
153  0 0.890226 3 0.0889287 2 0.0182322 1 0.00261257
154  1 0.998603 3 0.000870988 0 0.000417264 2 0.00010844
155  1 0.998547 3 0.000902656 0 0.000427194 2 0.000123527
156  1 0.99858 3 0.000935291 0 0.000421869 2 6.26305e-005
157  1 0.998548 3 0.00091902 0 0.000427547 2 0.000105373
158  1 0.998619 3 0.00090336 0 0.000414585 2 6.26389e-005
159  1 0.998508 3 0.000935026 0 0.000435964 2 0.000120895
160  1 0.998467 3 0.000967738 0 0.000442363 2 0.000122834
161  1 0.998681 3 0.0010512 0 0.000267606
162  1 0.998661 3 0.00101201 0 0.000326969
163  1 0.998707 3 0.00101748 0 0.000275547
164  1 0.998555 3 0.00101741 0 0.000406933 2 2.07701e-005
165  1 0.998605 3 0.0010062 0 0.00037995 2 8.73286e-006
166  1 0.998096 3 0.0010421 2 0.000490121 0 0.000372101
167  1 0.998626 3 0.00097298 0 0.000382848 2 1.80832e-005
168  1 0.99857 3 0.000952852 0 0.000407765 2 6.97058e-005
169  1 0.998641 3 0.000940107 0 0.00038308 2 3.56338e-005
170  1 0.998528 3 0.000967533 0 0.000426676 2 7.79102e-005
171  1 0.99847 3 0.00103115 0 0.0004262 2 7.29626e-005
172  1 0.998498 3 0.000999687 0 0.000427887 2 7.44704e-005
173  1 0.998466 3 0.000983746 0 0.000438872 2 0.000111675
174  1 0.998415 3 0.00100018 0 0.000445919 2 0.000138888
175  1 0.998398 3 0.00106222 0 0.000420529 2 0.00011963
176  1 0.99842 3 0.00104637 0 0.000437972 2 9.55266e-005
177  1 0.998371 3 0.00106236 0 0.000443396 2 0.000123025
178  1 0.998327 3 0.001092 0 0.000436974 2 0.000143965
179  1 0.998382 3 0.00103171 0 0.000446667 2 0.000139309
180  1 0.998606 3 0.00084094 0 0.000406236 2 0.000147236
181  1 0.998647 3 0.000856336 0 0.000407999 2 8.90232e-005
182  1 0.998753 3 0.000829318 0 0.000380423 2 3.74902e-005
183  1 0.998703 3 0.000842212 0 0.000395706 2 5.8734e-005
184  1 0.998631 3 0.000814208 0 0.000385493 2 0.000169034
185  1 0.998657 3 0.000872195 0 0.000405575 2 6.50748e-005
186  1 0.998679 3 0.000888879 0 0.000397239 2 3.468e-005
187  1 0.998809 3 0.000797653 0 0.000300852 2 9.2573e-005
188  1 0.998879 3 0.000805286 0 0.000316204
189  1 0.998903 3 0.000776398 0 0.000319229 2 1.38724e-006
190  1 0.998822 3 0.000870345 0 0.000307964
191  1 0.99885 3 0.000836281 0 0.000313406
192  1 0.998854 3 0.000868305 0 0.000277371
193  1 0.998849 3 0.000810148 0 0.000340642
194  1 0.99881 3 0.000818 0 0.000362729 2 9.16569e-006
195  1 0.99881 3 0.000791547 0 0.000355142 2 4.3212e-005
196  1 0.998785 3 0.00084718 0 0.000368307
197  1 0.998792 3 0.000905451 0 0.000302841
198  1 0.998786 3 0.000873639 0 0.000340295
199  1 0.998748 3 0.000877011 0 0.000374825
200  1 0.998654 3 0.000907824 0 0.000380472 2 5.79386e-005
201  1 0.9988 3 0.000938677 0 0.000261764
202  1 0.998762 3 0.000941244 0 0.000296797
203  1 0.998734 3 0.000979742 0 0.000286309
204  1 0.998751 3 0.00102355 0 0.000225609
205  1 0.998721 3 0.000941675 0 0.000337758
206  1 0.970932 2 0.0272445 3 0.00123328 0 0.000590557
207  1 0.573749 2 0.423088 3 0.00293046 0 0.000232083
208  0 0.53644 2 0.462663 3 0.000691801 1 0.000204629
209  2 0.886792 1 0.0620922 0 0.0462861 3 0.00482919
210  2 0.900569 1 0.0531873 0 0.0413258 3 0.0049177
211  2 0.877512 1 0.0673962 0 0.0503351 3 0.00475616
212  0 0.538015 2 0.461072 3 0.000723887 1 0.000189037
213  3 0.996111 2 0.00258457 1 0.00130451
214  3 0.9801 0 0.0158396 2 0.00266559 1 0.00139513
215  3 0.978675 0 0.0173642 2 0.00256616 1 0.00139425
216  3 0.991078 0 0.00467019 2 0.0028712 1 0.00138034
217  3 0.986869 0 0.00896187 2 0.00277963 1 0.0013895
218  3 0.996027 2 0.0026746 1 0.00129812
219  3 0.670649 0 0.326084 1 0.00174875 2 0.00151749
220  0 0.911418 3 0.0679563 2 0.0180811 1 0.00254475
221  0 0.904559 3 0.0679482 2 0.0250113 1 0.00248198
222  0 0.904432 3 0.074264 2 0.0187417 1 0.00256245
223  3 0.990459 0 0.00524243 2 0.0029305 1 0.0013679
224  3 0.667283 0 0.329267 1 0.00177167 2 0.00167854
225  0 0.885776 3 0.088128 2 0.023559 1 0.00253717
226  0 0.86969 3 0.100964 2 0.0268307 1 0.00251466
227  3 0.995959 2 0.00276664 1 0.00127422
228  3 0.98778 0 0.00789864 2 0.00297157 1 0.00135012
229  3 0.984437 0 0.0112306 2 0.00300491 1 0.00132743
230  3 0.995916 2 0.0028331 1 0.00125086
231  3 0.649746 0 0.3468 1 0.00176099 2 0.00169304
232  1 0.97752 2 0.0206938 3 0.00118803 0 0.000598541
233  1 0.988031 2 0.0102765 3 0.00112105 0 0.000571711
234  1 0.983692 2 0.0145673 3 0.00114784 0 0.000592667
235  1 0.602443 2 0.394588 3 0.0028162 0 0.000152687
236  2 0.901302 1 0.0460234 0 0.0477667 3 0.00490836
237  1 0.979412 2 0.0192155 3 0.00122953 0 0.000143188
238  1 0.980809 2 0.0177313 3 0.00119477 0 0.000264684
239  2 0.848737 0 0.0869282 1 0.0598639 3 0.00447075
240  1 0.598266 2 0.398858 3 0.00287562
241  2 0.847722 0 0.0866854 1 0.0613045 3 0.0042885
242  1 0.984534 2 0.0139113 3 0.00115283 0 0.00040138
243  1 0.987332 2 0.0110334 3 0.0011258 0 0.000508732
244  1 0.607467 2 0.389718 3 0.00281504
245  0 0.568645 2 0.430248 3 0.000544692 1 0.000562059
246  2 0.864468 0 0.075419 1 0.0554332 3 0.00468026
247  2 0.890104 0 0.0588347 1 0.046211 3 0.00485051
248  0 0.544093 2 0.454708 3 0.000900661 1 0.000298176
249  0 0.867159 3 0.0794716 2 0.0511288 1 0.00224028
250  0 0.869387 3 0.0793023 2 0.0490338 1 0.00227733
251  3 0.643607 0 0.353408 1 0.00172076 2 0.00126409
252  3 0.978275 0 0.0178676 2 0.00246626 1 0.00139109
253  0 0.887855 3 0.0738299 2 0.035928 1 0.00238744
254  3 0.99618 2 0.00265739 1 0.0011623
255  3 0.996237 2 0.00262157 1 0.00114159
256  3 0.996071 2 0.00273263 1 0.00119623
257  3 0.996124 2 0.00269476 1 0.00118084
258  3 0.99615 2 0.00265819 1 0.00119229
259  3 0.996125 2 0.00265394 1 0.00122108
260  3 0.996182 2 0.0026126 1 0.00120582
261  3 0.995946 2 0.00281264 1 0.00124123
262  3 0.995991 2 0.00274299 1 0.00126555
263  3 0.995966 2 0.00278036 1 0.00125375
264  3 0.995983 2 0.00278725 1 0.00122971
265  3 0.996024 2 0.00276288 1 0.00121297
266  3 0.996045 2 0.00273354 1 0.00122176
267  3 0.996023 2 0.00269852 1 0.0012781
268  3 0.99603 2 0.00271848 1 0.00125196
269  3 0.996073 2 0.00269108 1 0.00123544
270  3 0.996109 2 0.00264044 1 0.00125028
271  3 0.996062 2 0.00264788 1 0.00129034
272  3 0.996155 2 0.00253486 1 0.00130987
273  3 0.996106 2 0.00259213 1 0.00130176
274  3 0.996103 2 0.00261884 1 0.00127829
275  3 0.996151 2 0.00258448 1 0.00126434
276  3 0.996266 2 0.00257951 1 0.00115426
277  3 0.996283 2 0.00259894 1 0.00111778
278  3 0.99622 2 0.00256075 1 0.00121916
279  3 0.996241 2 0.00257219 1 0.0011871
280  3 0.996301 2 0.0025315 1 0.00116741
281  3 0.996344 2 0.00247418 1 0.00118187
282  3 0.996363 2 0.00248931 1 0.00114801
283  3 0.996209 2 0.00247429 1 0.00131688
284  3 0.9962 2 0.00249932 1 0.00130022
285  3 0.99631 2 0.00241754 1 0.00127258
286  3 0.996252 2 0.00246039 1 0.00128748
287  3 0.99631 2 0.00239343 1 0.00129654
288  3 0.996199 2 0.00252461 1 0.00127643
289  3 0.996206 2 0.00254374 1 0.00125017
290  3 0.996265 2 0.00250241 1 0.00123254
291  3 0.996373 2 0.00237108 1 0.00125638
292  3 0.996316 2 0.00243872 1 0.00124513
293  3 0.996327 2 0.00245904 1 0.00121363
294  3 0.996393 2 0.0024115 1 0.00119598
295  3 0.996433 2 0.00230115 1 0.00126567
296  3 0.996438 2 0.00232441 1 0.00123742
297  3 0.996573 2 0.0022225 1 0.00120417
298  3 0.996506 2 0.00227198 1 0.00122174
299  3 0.99657 2 0.00219827 1 0.00123221
300  3 0.996446 2 0.00234506 1 0.00120867
301  3 0.996458 2 0.00236412 1 0.00117801
302  1 0.596042 2 0.401428 3 0.00217042 0 0.000358838
303  1 0.968953 2 0.029618 3 0.000939728 0 0.000489352
304  0 0.51854 2 0.479444 3 0.00122467 1 0.00079148
305  2 0.89379 1 0.0707681 0 0.0320396 3 0.00340247
306  2 0.907383 1 0.062632 0 0.0265761 3 0.0034085
307  0 0.517324 2 0.482267 3 0.000259594 1 0.000149216
308  2 0.915964 1 0.057134 0 0.0234751 3 0.00342709
309  3 0.973855 0 0.0222847 2 0.0027142 1 0.00114652
310  3 0.977266 0 0.0190794 2 0.00247492 1 0.00117954
311  3 0.975068 0 0.0211632 2 0.00260168 1 0.00116706
312  3 0.626145 0 0.370946 1 0.00172724 2 0.00118151
313  0 0.875993 3 0.0969018 2 0.0243334 1 0.00277175
314  0 0.882915 3 0.0962794 2 0.018009 1 0.00279668
315  3 0.977914 0 0.0185605 2 0.00233616 1 0.00118905
316  3 0.648905 0 0.348272 1 0.00173245 2 0.00109104
317  0 0.887736 3 0.09616 2 0.0133361 1 0.00276783
318  0 0.877407 3 0.0999963 2 0.0199804 1 0.00261671
319  3 0.977924 0 0.0186751 2 0.00219897 1 0.00120166
320  3 0.977137 0 0.019687 2 0.00194377 1 0.00123267
321  3 0.97644 0 0.020273 2 0.00206839 1 0.00121871
322  3 0.667871 0 0.3297 1 0.00166108 2 0.000767756
323  0 0.850856 3 0.111901 2 0.0348584 1 0.00238413
324  1 0.970784 2 0.0278277 3 0.000916936 0 0.000471523
325  2 0.918946 1 0.0529706 0 0.0246143 3 0.00346862
326  1 0.611406 2 0.386179 3 0.00207939 0 0.000336415
327  1 0.971402 2 0.0272524 3 0.000899018 0 0.000446649
328  1 0.97258 2 0.0261201 3 0.000881609 0 0.000418205
329  3 0.976928 0 0.0200132 2 0.00181587 1 0.00124341
330  3 0.685593 0 0.312232 1 0.00159732 2 0.000577457
331  2 0.525375 0 0.472545 3 0.00207997
332  0 0.80716 3 0.134001 2 0.0567989 1 0.00203998
333  0 0.799004 3 0.136633 2 0.0624058 1 0.00195767
334  0 0.826615 3 0.125924 2 0.0452656 1 0.00219534
335  2 0.533702 0 0.464725 3 0.0015731
336  2 0.906967 1 0.0583443 0 0.0312623 3 0.00342688
337  2 0.877435 1 0.0747951 0 0.0445164 3 0.00325349
338  2 0.890871 1 0.0672381 0 0.0385509 3 0.00334016
339  1 0.624259 2 0.373476 3 0.00200513 0 0.000259639
340  1 0.971645 2 0.0270994 3 0.000875304 0 0.000380168
341  2 0.872542 1 0.077368 0 0.0468876 3 0.00320238
342  1 0.61204 2 0.385581 3 0.00203519 0 0.000344659
343  1 0.968962 2 0.0298641 3 0.000879205 0 0.000294619
344  1 0.968558 2 0.0303027 3 0.000883186 0 0.000255677
345  1 0.968191 2 0.0305912 3 0.000882499 0 0.000335434
346  1 0.61002 2 0.387809 3 0.00211182 0 5.91363e-005
347  1 0.971453 2 0.0273866 3 0.000908081 0 0.00025184
348  2 0.52338 0 0.474604 3 0.00201565
349  2 0.874811 1 0.0747688 0 0.0471148 3 0.00330514
350  2 0.880125 1 0.0687662 0 0.0476605 3 0.00344801
351  2 0.549361 0 0.449573 3 0.00106541
352  2 0.887802 1 0.059192 0 0.0493827 3 0.00362333
353  3 0.978285 0 0.0185422 2 0.00191689 1 0.00125629
354  3 0.983967 0 0.0126071 2 0.00213141 1 0.00129487
355  3 0.980671 0 0.0160327 2 0.00202315 1 0.00127353
356  3 0.693754 0 0.304022 1 0.00156617 2 0.000657505
357  0 0.800146 3 0.133726 2 0.0641329 1 0.00199543
358  0 0.816294 3 0.119577 2 0.0620519 1 0.00207761
359  3 0.987035 0 0.00941294 2 0.00223343 1 0.00131829
360  3 0.709354 0 0.287157 2 0.00193514 1 0.00155437
361  0 0.837791 3 0.098312 2 0.061739 1 0.00215776
362  0 0.867771 3 0.0734479 2 0.0565244 1 0.00225697
363  3 0.987883 0 0.00845616 2 0.00231904 1 0.00134224
364  3 0.978595 0 0.0176069 2 0.00241516 1 0.00138283
365  3 0.982716 0 0.0135477 2 0.00237042 1 0.00136566
366  3 0.689914 0 0.307306 1 0.00161694 2 0.00116283
367  0 0.872387 3 0.0708185 2 0.0545035 1 0.0022907
368  1 0.977308 2 0.0215176 3 0.000925651 0 0.000249176
369  2 0.887062 1 0.0543661 0 0.0547813 3 0.00379093
370  1 0.620894 2 0.376891 3 0.00221511
371  1 0.984796 2 0.0140133 3 0.000940324 0 0.000250509
372  1 0.990157 2 0.00862283 3 0.000965423 0 0.000254977
373  3 0.645635 0 0.351505 1 0.00168938 2 0.00117083
374  0 0.557608 2 0.441617 1 0.000464207 3 0.000310776
375  0 0.870079 3 0.075656 2 0.051995 1 0.00227017
376  0 0.872413 3 0.0723049 2 0.0529907 1 0.00229168
377  2 0.515392 0 0.48414 3 0.000459209 1 8.66213e-006
378  2 0.878348 0 0.0641246 1 0.0535816 3 0.00394616
379  2 0.850389 0 0.0835832 1 0.0618367 3 0.00419111
380  2 0.864291 0 0.0741232 1 0.057499 3 0.00408653
381  1 0.613435 2 0.384139 3 0.00242559
382  1 0.991299 2 0.00744097 3 0.00100972 0 0.000250641
383  1 0.599962 2 0.397195 3 0.00284246
384  1 0.980889 2 0.0177694 3 0.00116247 0 0.000179152
385  1 0.98681 2 0.0118845 3 0.00108065 0 0.000224702
386  1 0.998107 3 0.000873077 2 0.000546633 0 0.000473503
387  1 0.968974 2 0.0295353 3 0.000976276 0 0.000514416
388  1 0.997864 3 0.000856903 2 0.000814729 0 0.000464134
389  1 0.601723 2 0.395622 3 0.00228535 0 0.000369092
390  1 0.860667 2 0.137447 3 0.00137421 0 0.000510851
391  1 0.867709 2 0.130383 3 0.00137808 0 0.000530218
392  1 0.855296 2 0.142846 3 0.00136427 0 0.00049399
393  1 0.59597 2 0.401442 3 0.00222259 0 0.000366074
394  1 0.8543 2 0.143879 3 0.00134023 0 0.000480859
395  2 0.497994 0 0.501283 3 0.000718341 1 5.17516e-006
396  2 0.836187 0 0.159087 3 0.00301369 1 0.00171259
397  2 0.836995 0 0.15913 3 0.00310896 1 0.000765383
398  2 0.825962 0 0.167415 1 0.00383286 3 0.0027908
399  2 0.834359 0 0.159857 3 0.00292001 1 0.00286353
400  0 0.512619 2 0.48675 3 0.000455565 1 0.000174903
401  2 0.91736 1 0.0600498 0 0.0186958 3 0.00389391
402  2 0.737021 1 0.258694 3 0.00343638 0 0.000848657
403  2 0.742806 1 0.25257 3 0.00351551 0 0.00110907
404  2 0.732737 1 0.263132 3 0.00336452 0 0.000766342
405  2 0.818085 0 0.175096 1 0.00414558 3 0.00267392
406  2 0.896676 1 0.0702182 0 0.0294689 3 0.00363677
407  2 0.729393 1 0.266926 3 0.00329945 0 0.000381603
408  2 0.729264 1 0.266978 3 0.00324579 0 0.000512458
409  0 0.520301 2 0.478821 1 0.000485166 3 0.000393628
410  2 0.80816 0 0.184301 1 0.00496693 3 0.00257264
411  2 0.806492 0 0.185793 1 0.00514576 3 0.00256908
412  2 0.806854 0 0.185611 1 0.00503735 3 0.00249766
413  0 0.521537 2 0.476974 3 0.000785324 1 0.000703657
414  2 0.890418 1 0.0722574 0 0.0338452 3 0.00347939
415  2 0.729233 1 0.267174 3 0.00319581 0 0.000396957
416  3 0.995912 2 0.00286321 1 0.0012248
417  3 0.995807 2 0.00294326 1 0.0012493
418  3 0.995604 2 0.0029666 1 0.00124693 0 0.000182284
419  3 0.99585 2 0.00291936 1 0.00123076
420  3 0.995827 2 0.00293228 1 0.00124023
421  3 0.99595 2 0.00282422 1 0.00122574
422  3 0.987367 0 0.00834127 2 0.00303225 1 0.00125978
423  3 0.900348 0 0.0955414 2 0.00276418 1 0.00134639
424  3 0.898667 0 0.0971968 2 0.0027654 1 0.00137084
425  3 0.995962 2 0.00283914 1 0.00119852
426  3 0.995932 2 0.00285889 1 0.00120887
427  3 0.996033 2 0.00276974 1 0.00119776
428  3 0.908065 0 0.0878869 2 0.00278794 1 0.0012604
429  3 0.993348 2 0.00303521 0 0.00244507 1 0.00117134
430  3 0.90732 0 0.0886582 2 0.00278219 1 0.00123907
431  3 0.995904 2 0.00287779 1 0.00121857
432  3 0.995877 2 0.00289572 1 0.00122754
433  3 0.995989 2 0.00279841 1 0.001213
434  3 0.989446 0 0.00630762 2 0.00302596 1 0.00122022
435  3 0.660472 0 0.336218 1 0.00160051 2 0.00170964
436  3 0.903954 0 0.0919856 2 0.00276962 1 0.00129089
437  3 0.90055 0 0.0953716 2 0.00275756 1 0.00132125
438  3 0.644558 0 0.352159 1 0.00166154 2 0.00162201
439  0 0.712249 3 0.285524 1 0.00222642
440  0 0.704547 3 0.293183 1 0.00223732 2 3.23994e-005
441  0 0.8573 2 0.13492 3 0.00554384 1 0.00223623
442  0 0.909768 3 0.0759123 2 0.0116307 1 0.00268865
443  0 0.855472 2 0.137813 3 0.00447371 1 0.00224202
444  0 0.695573 3 0.30202 1 0.00222666 2 0.000181012
445  0 0.686219 3 0.311281 1 0.00221879 2 0.000280826
446  0 0.853096 2 0.139973 3 0.00467617 1 0.00225507
447  0 0.718018 3 0.279801 1 0.00218095
448  0 0.91817 3 0.0700025 2 0.00909089 1 0.0027362
449  0 0.845657 2 0.147123 3 0.00498182 1 0.00223834
450  0 0.839945 2 0.152013 3 0.00580737 1 0.00223429
451  3 0.99599 2 0.00282749 1 0.00118282
452  3 0.988977 0 0.00687929 2 0.00301021 1 0.00113391
453  3 0.655121 0 0.341671 1 0.00159734 2 0.00161059
454  3 0.901393 0 0.0946423 2 0.00274508 1 0.00121949
455  3 0.896263 0 0.0998086 2 0.00270599 1 0.00122245
456  3 0.904675 0 0.0913333 2 0.00276633 1 0.00122557
457  3 0.653524 0 0.343248 1 0.00159315 2 0.00163463
458  0 0.716106 3 0.281714 1 0.00217969
459  0 0.70986 3 0.287958 1 0.00218202
460  0 0.713274 3 0.284546 1 0.0021803
461  0 0.908412 3 0.0765323 2 0.0123149 1 0.00274044
462  0 0.837105 2 0.154228 3 0.00640946 1 0.00225755
463  0 0.702264 3 0.295523 1 0.00221307
464  0 0.890361 3 0.0874514 2 0.0194629 1 0.0027247
465  0 0.826995 2 0.161801 3 0.00896715 1 0.00223654
466  0 0.824746 2 0.163392 3 0.00960173 1 0.00226069
467  0 0.829921 2 0.159259 3 0.00858497 1 0.00223473
468  3 0.996079 2 0.0027417 1 0.00117886
469  3 0.996026 2 0.00279819 1 0.0011761
470  3 0.996094 2 0.00275355 1 0.0011528
471  3 0.996059 2 0.00277568 1 0.00116483
472  3 0.996132 2 0.00270729 1 0.00116091
473  3 0.985572 0 0.0103338 2 0.00298507 1 0.00110961
474  3 0.890117 0 0.105994 2 0.00265571 1 0.00123234
475  3 0.996108 2 0.00280718 1 0.00108514
476  3 0.996071 2 0.00284528 1 0.00108421
477  3 0.996228 2 0.00265756 1 0.00111453
478  3 0.872448 0 0.123811 2 0.00246575 1 0.00127544
479  3 0.973792 0 0.022246 2 0.0028428 1 0.00111878
480  3 0.871481 0 0.12482 2 0.00241597 1 0.00128264
481  3 0.99608 2 0.002822 1 0.00109809
482  3 0.996107 2 0.00276231 1 0.00113025
483  3 0.996183 2 0.00267829 1 0.00113895
484  3 0.979137 0 0.0168298 2 0.00292447 1 0.0011085
485  3 0.625113 0 0.37188 1 0.00168651 2 0.00132042
486  3 0.877135 0 0.119071 2 0.00253177 1 0.00126207
487  3 0.883791 0 0.112363 2 0.0025992 1 0.00124614
488  3 0.637842 0 0.359055 1 0.00164392 2 0.00145922
489  0 0.689043 3 0.307862 1 0.00231947 2 0.000775193
490  0 0.691631 3 0.305272 1 0.00230437 2 0.000791801
491  0 0.876277 3 0.0949576 2 0.0260438 1 0.00272191
492  0 0.823781 2 0.163863 3 0.0100658 1 0.00228994
493  0 0.696529 3 0.301157 1 0.00229699 2 1.66717e-005
494  1 0.998502 3 0.000870536 0 0.000417809 2 0.000209218
495  1 0.998522 3 0.000889159 0 0.000482573 2 0.000106065
496  1 0.99833 3 0.000925658 0 0.000499029 2 0.000245187
497  1 0.998294 3 0.000907742 0 0.000490929 2 0.000307318
498  1 0.998541 3 0.000901778 0 0.000428208 2 0.000129481
499  1 0.971032 2 0.0274161 3 0.00101138 0 0.000540809
500  1 0.874114 2 0.123953 3 0.00138379 0 0.000549187
501  1 0.998148 3 0.000997706 0 0.000524701 2 0.000329692
502  1 0.998112 3 0.000980291 0 0.000519526 2 0.000388396
503  1 0.99845 3 0.000967412 0 0.000443442 2 0.000139405
504  1 0.887773 2 0.110216 3 0.0014145 0 0.000596326
505  1 0.979798 2 0.0185462 3 0.00106273 0 0.000593043
506  1 0.892093 2 0.105877 3 0.00142254 0 0.000607877
507  1 0.997918 3 0.000963191 2 0.000605513 0 0.000513167
508  1 0.998243 3 0.000944061 0 0.000506451 2 0.00030696
509  1 0.998448 3 0.000934578 0 0.000436836 2 0.000180662
510  1 0.97467 2 0.0237219 3 0.00104087 0 0.000567528
511  1 0.607153 2 0.389981 3 0.00243225 0 0.000433648
512  1 0.886479 2 0.111542 3 0.00139371 0 0.000584939
513  1 0.881697 2 0.11635 3 0.00138435 0 0.000569081
514  1 0.610833 2 0.386337 3 0.00233642 0 0.000493795
515  2 0.750657 1 0.245438 3 0.00374387 0 0.000161019
516  2 0.745993 1 0.249189 3 0.00365488 0 0.00116299
517  2 0.925234 1 0.0537215 0 0.0169368 3 0.00410757
518  2 0.836537 0 0.159954 3 0.00320982 1 0.000299033
519  2 0.745677 1 0.249012 3 0.00358614 0 0.00172544
520  1 0.997647 3 0.00112565 2 0.000703971 0 0.000523135
521  1 0.997685 3 0.00111095 2 0.000676909 0 0.000527395
522  1 0.998328 3 0.00109306 0 0.000441355 2 0.00013717
523  1 0.849386 2 0.148337 3 0.00174969 0 0.000526745
524  1 0.970883 2 0.0272891 3 0.00123612 0 0.000591483
525  1 0.848741 2 0.148966 3 0.00177587 0 0.000517526
526  1 0.99824 3 0.00109379 0 0.00053153 2 0.000134461
527  1 0.998153 3 0.0010791 0 0.000533455 2 0.000234497
528  1 0.998344 3 0.00106326 0 0.000446494 2 0.000146112
529  2 0.764174 0 0.228783 1 0.00372192 3 0.00332034
530  2 0.874304 1 0.0692134 0 0.0518745 3 0.00460849
531  2 0.762579 0 0.23024 1 0.00379322 3 0.00338736
532  1 0.576093 2 0.420823 3 0.00280003 0 0.000283882
533  2 0.740416 1 0.253936 3 0.00414802 0 0.0014993
534  2 0.745188 1 0.250173 3 0.00409458 0 0.000544386
535  2 0.7357 1 0.257496 3 0.00419914 0 0.00260575
536  1 0.57047 2 0.426327 3 0.00290895 0 0.000293994
537  2 0.734085 1 0.258783 3 0.00426395 0 0.00286813
538  1 0.853161 2 0.144588 3 0.00171098 0 0.000540252
539  1 0.862997 2 0.13481 3 0.00162618 0 0.000566559
540  1 0.857587 2 0.140189 3 0.00167027 0 0.000553912
541  1 0.97289 2 0.025312 3 0.00119591 0 0.000601985
542  1 0.998266 3 0.00106332 0 0.000533992 2 0.00013685
543  1 0.873409 2 0.124442 3 0.00156255 0 0.000586166
544  1 0.980052 2 0.0181995 3 0.00113442 0 0.000614092
545  1 0.998409 3 0.00100016 0 0.000447453 2 0.000143697
546  1 0.998296 3 0.00103107 0 0.000531888 2 0.000140665
547  1 0.998318 3 0.00101426 0 0.0005288 2 0.000138967
548  1 0.9981 3 0.00104806 0 0.000533448 2 0.000318191
549  1 0.998369 3 0.00103218 0 0.000448929 2 0.000150306
550  1 0.982066 2 0.0162315 3 0.00109189 0 0.000610189
551  1 0.588254 2 0.408759 3 0.00266747 0 0.000318704
552  1 0.883672 2 0.114226 3 0.0015004 0 0.000602065
553  1 0.889905 2 0.108032 3 0.001454 0 0.000609279
554  1 0.602677 2 0.394438 3 0.00253032 0 0.000354758
555  0 0.535609 2 0.46338 3 0.00077375 1 0.000237534
556  2 0.769053 0 0.22432 3 0.00327447 1 0.00335244
557  2 0.786429 0 0.207904 3 0.0032287 1 0.00243862
558  2 0.77466 0 0.218619 3 0.00323098 1 0.00349017
559  0 0.533061 2 0.466156 3 0.000516354 1 0.000266351
560  2 0.887077 1 0.0659329 0 0.0424906 3 0.00449953
561  2 0.747547 1 0.248055 3 0.00402745 0 0.000369921
562  2 0.754372 1 0.241595 3 0.00397843 0 5.46094e-005
563  2 0.799245 0 0.196105 3 0.00323058 1 0.00141996
564  2 0.912274 1 0.0560568 0 0.0272245 3 0.00444473
565  2 0.757303 1 0.238319 3 0.00391209 0 0.000466107
566  2 0.755454 1 0.240676 3 0.00383318 0 3.63973e-005
567  0 0.524427 2 0.474836 3 0.000632377 1 0.000105084
568  2 0.811356 0 0.184855 3 0.00321926 1 0.000569297
569  2 0.827377 0 0.169364 3 0.00325881
570  0 0.519824 2 0.479592 3 0.00047919 1 0.000104291
571  2 0.925159 1 0.0507944 0 0.0197448 3 0.00430127
572  0 0.81473 2 0.168473 3 0.0148964 1 0.00190031
573  0 0.815659 2 0.167878 3 0.0145444 1 0.00191817
574  0 0.664123 3 0.33329 1 0.00222085 2 0.000366259
575  0 0.866528 3 0.103599 2 0.0273489 1 0.00252424
576  0 0.663696 3 0.333663 1 0.00222512 2 0.00041574
577  0 0.821584 2 0.163276 3 0.0131704 1 0.00196984
578  0 0.825974 2 0.159749 3 0.0122758 1 0.00200199
579  3 0.984241 0 0.0114322 2 0.00303696 1 0.00128975
580  3 0.995227 2 0.00297339 1 0.00125464 0 0.000545047
581  3 0.646965 0 0.349672 1 0.00170017 2 0.00166321
582  3 0.896083 0 0.0997604 2 0.0027634 1 0.001393
583  3 0.893562 0 0.102264 2 0.00276224 1 0.00141139
584  3 0.646839 0 0.349731 1 0.00173366 2 0.00169601
585  3 0.892235 0 0.103573 2 0.00276695 1 0.00142461
586  0 0.665809 3 0.331697 1 0.00221604 2 0.00027789
587  0 0.676077 3 0.321506 1 0.00221252 2 0.000203523
588  0 0.670135 3 0.327544 1 0.00221392 2 0.000107231
589  0 0.880387 3 0.0950081 2 0.0220283 1 0.0025767
590  0 0.835138 2 0.153879 3 0.00892091 1 0.00206202
591  0 0.90268 3 0.0801373 2 0.0145294 1 0.00265367
592  0 0.847271 2 0.143215 3 0.00735207 1 0.00216176
593  0 0.842672 2 0.147884 3 0.00732862 1 0.00211523
594  1 0.998602 3 0.000862976 0 0.00041514 2 0.000119613
595  1 0.998582 3 0.00087849 0 0.000420449 2 0.00011877
596  1 0.998555 3 0.000894943 0 0.000423216 2 0.000126456
597  1 0.99858 3 0.000886734 0 0.000422241 2 0.000111458
598  1 0.998605 3 0.000879059 0 0.000418354 2 9.75365e-005
599  1 0.998536 3 0.000894387 0 0.000425581 2 0.000143784
600  1 0.998529 3 0.000910385 0 0.000430406 2 0.000130303
601  1 0.998605 3 0.000927747 0 0.000413279 2 5.41037e-005
602  1 0.998602 3 0.000919337 0 0.000418288 2 6.00465e-005
603  1 0.998628 3 0.000911745 0 0.000410085 2 5.01931e-005
604  1 0.998533 3 0.000935232 0 0.000431178 2 0.000100658
605  1 0.998569 3 0.000927181 0 0.000425272 2 7.89872e-005
606  1 0.998549 3 0.000943278 0 0.000428697 2 7.87473e-005
607  1 0.998585 3 0.000911109 0 0.00042157 2 8.26473e-005
608  1 0.998565 3 0.000903094 0 0.000422894 2 0.00010946
609  1 0.9986 3 0.000895333 0 0.00041701 2 8.75208e-005
610  1 0.998549 3 0.000910944 0 0.000427733 2 0.000112335
611  1 0.99851 3 0.000943249 0 0.000436022 2 0.000110566
612  1 0.998528 3 0.000927048 0 0.000432051 2 0.000112673
613  1 0.998521 3 0.000918838 0 0.00043177 2 0.000128465
614  1 0.998514 3 0.000926666 0 0.000434626 2 0.000124524
615  1 0.998492 3 0.000959493 0 0.000439171 2 0.000109823
616  1 0.99849 3 0.000951362 0 0.000439467 2 0.000118781
617  1 0.998468 3 0.000959384 0 0.000442067 2 0.000130089
618  1 0.998447 3 0.000975838 0 0.000444556 2 0.000132624
619  1 0.998486 3 0.000942972 0 0.00043872 2 0.000132304
620  1 0.998706 3 0.00106121 0 0.000232724
621  1 0.998695 3 0.00103799 0 0.000266969
622  1 0.998717 3 0.00104007 0 0.000242907
623  1 0.998649 3 0.00103317 0 0.000317465
624  1 0.998672 3 0.00103533 0 0.000292507
625  1 0.99866 3 0.00105427 0 0.000285714
626  1 0.998685 3 0.00101555 0 0.000299833
627  1 0.998675 3 0.000995433 0 0.000329189
628  1 0.998698 3 0.000997497 0 0.000304052
629  1 0.998563 3 0.00103409 0 0.000403361
630  1 0.998537 3 0.00102806 0 0.000391394 2 4.38641e-005
631  1 0.998307 3 0.00104543 0 0.000387386 2 0.000260106
632  1 0.998559 3 0.000995207 0 0.000396049 2 5.00562e-005
633  1 0.998556 3 0.00101157 0 0.000394371 2 3.82047e-005
634  1 0.998534 3 0.00100134 0 0.000408556 2 5.58095e-005
635  1 0.998604 3 0.00103136 0 0.000364467
636  1 0.9986 3 0.00101931 0 0.000359724 2 2.08662e-005
637  1 0.998444 3 0.00103728 0 0.000355014 2 0.000163375
638  1 0.998635 3 0.00100393 0 0.000360775
639  1 0.998582 3 0.00097876 0 0.000396875 2 4.27413e-005
640  1 0.998602 3 0.000989579 0 0.000382033 2 2.59725e-005
641  1 0.998651 3 0.000988249 0 0.000361043
642  1 0.998666 3 0.000972128 0 0.000361925
643  1 0.998563 3 0.000968988 0 0.000408942 2 5.89547e-005
644  1 0.998594 3 0.00096241 0 0.000396833 2 4.67005e-005
645  1 0.998608 3 0.000929894 0 0.000394782 2 6.68402e-005
646  1 0.998599 3 0.000946135 0 0.00039609 2 5.86844e-005
647  1 0.998594 3 0.000936584 0 0.000406182 2 6.31307e-005
648  1 0.998639 3 0.000956404 0 0.000383503 2 2.12497e-005
649  1 0.998682 3 0.0009557 0 0.000362407
650  1 0.998579 3 0.00094377 0 0.000416091 2 6.13197e-005
651  1 0.998541 3 0.000976065 0 0.000419364 2 6.40335e-005
652  1 0.998552 3 0.000959957 0 0.000418047 2 6.99064e-005
653  1 0.998554 3 0.000951439 0 0.000424522 2 6.98698e-005
654  1 0.998525 3 0.000959438 0 0.000431403 2 8.38893e-005
655  1 0.998522 3 0.00103965 0 0.000415422 2 2.28765e-005
656  1 0.998492 3 0.00102417 0 0.000417303 2 6.66096e-005
657  1 0.998476 3 0.00100737 0 0.000435167 2 8.1088e-005
658  1 0.998482 3 0.00101546 0 0.000427617 2 7.51699e-005
659  1 0.998463 3 0.00102307 0 0.00043456 2 7.88859e-005
660  1 0.998508 3 0.00100809 0 0.000419176 2 6.4545e-005
661  1 0.998534 3 0.000992095 0 0.000419674 2 5.40895e-005
662  1 0.998513 3 0.000983644 0 0.000427747 2 7.56267e-005
663  1 0.99845 3 0.000999636 0 0.000440141 2 0.000110603
664  1 0.998484 3 0.000991573 0 0.000434886 2 8.96917e-005
665  1 0.998498 3 0.00097558 0 0.000433426 2 9.31677e-005
666  1 0.998494 3 0.000967637 0 0.000436957 2 0.00010102
667  1 0.998409 3 0.00100797 0 0.000443845 2 0.000139459
668  1 0.99844 3 0.000991936 0 0.000443021 2 0.00012528
669  1 0.998445 3 0.000983986 0 0.000444423 2 0.000126348
670  1 0.998426 3 0.000992107 0 0.00044678 2 0.000135162
671  1 0.998472 3 0.000975672 0 0.000441658 2 0.00011083
672  1 0.998373 3 0.00105593 0 0.000411837 2 0.000158826
673  1 0.998481 3 0.00104663 0 0.000423771 2 4.87017e-005
674  1 0.998412 3 0.00106145 0 0.000435495 2 9.10732e-005
675  1 0.998444 3 0.00105392 0 0.00043045 2 7.16753e-005
676  1 0.998438 3 0.00106895 0 0.00042724 2 6.53401e-005
677  1 0.998452 3 0.00103865 0 0.000432848 2 7.60337e-005
678  1 0.998432 3 0.00103105 0 0.000439375 2 9.78156e-005
679  1 0.998334 3 0.00108517 0 0.00044154 2 0.000139344
680  1 0.998332 3 0.00109974 0 0.000437807 2 0.000130849
681  1 0.998363 3 0.00105527 0 0.000446434 2 0.000135461
682  1 0.998351 3 0.00107031 0 0.000444402 2 0.00013389
683  1 0.998364 3 0.00107719 0 0.000440701 2 0.000118467
684  1 0.998386 3 0.00106934 0 0.000438613 2 0.000106271
685  1 0.998337 3 0.00108422 0 0.000435147 2 0.000144046
686  1 0.998393 3 0.00105425 0 0.000441485 2 0.000111084
687  1 0.998367 3 0.00103987 0 0.000447699 2 0.000145589
688  1 0.998381 3 0.00104711 0 0.000445549 2 0.000126167
689  1 0.998404 3 0.00103906 0 0.000443217 2 0.000113719
690  1 0.998408 3 0.00102364 0 0.000443815 2 0.000124775
691  1 0.998375 3 0.00102417 0 0.00044835 2 0.000152854
692  1 0.998401 3 0.00100824 0 0.000447818 2 0.000143299
693  1 0.998387 3 0.00101607 0 0.000446894 2 0.000150479
694  1 0.998619 3 0.000847769 0 0.000410011 2 0.000123086
695  1 0.998624 3 0.000855701 0 0.000411776 2 0.000108154
696  1 0.998644 3 0.000841515 0 0.00040257 2 0.000111439
697  1 0.998638 3 0.000848556 0 0.000407474 2 0.000106357
698  1 0.998666 3 0.000833769 0 0.000402195 2 9.84566e-005
699  1 0.998626 3 0.000863631 0 0.000412973 2 9.71228e-005
700  1 0.998622 3 0.000871547 0 0.000413395 2 9.30093e-005
701  1 0.998771 3 0.00081534 0 0.000375859 2 3.80648e-005
702  1 0.998719 3 0.000821478 0 0.000383533 2 7.64519e-005
703  1 0.998716 3 0.000807827 0 0.00037858 2 9.75814e-005
704  1 0.998703 3 0.000850139 0 0.000393188 2 5.36516e-005
705  1 0.998714 3 0.000835572 0 0.000388365 2 6.23218e-005
706  1 0.998734 3 0.000843554 0 0.000385169 2 3.7386e-005
707  1 0.99872 3 0.000827817 0 0.00039058 2 6.15893e-005
708  1 0.998663 3 0.000834596 0 0.000396993 2 0.000105366
709  1 0.998425 3 0.000821293 2 0.00036257 0 0.000391422
710  1 0.998668 3 0.000849159 0 0.000402259 2 8.02754e-005
711  1 0.998698 3 0.000865031 0 0.000397996 2 3.88923e-005
712  1 0.998681 3 0.000857064 0 0.000400666 2 6.07883e-005
713  1 0.99865 3 0.000864242 0 0.000407275 2 7.85412e-005
714  1 0.998619 3 0.000879561 0 0.000412641 2 8.92714e-005
715  1 0.998699 3 0.000873516 0 0.000393276 2 3.43764e-005
716  1 0.99867 3 0.000880356 0 0.000402404 2 4.69426e-005
717  1 0.99865 3 0.000895955 0 0.000406323 2 4.73883e-005
718  1 0.998646 3 0.000904666 0 0.000400703 2 4.87803e-005
719  1 0.998638 3 0.000887649 0 0.000410307 2 6.44576e-005
720  1 0.998872 3 0.000784503 0 0.000300946 2 4.27291e-005
721  1 0.998881 3 0.000786445 0 0.000310758 2 2.19066e-005
722  1 0.998916 3 0.000773912 0 0.00030979
723  1 0.998879 3 0.000818971 0 0.000301883
724  1 0.998876 3 0.000799569 0 0.000311391 2 1.35121e-005
725  1 0.998634 3 0.000811886 0 0.000300464 2 0.000254025
726  1 0.998891 3 0.000789939 0 0.000318718
727  1 0.998878 3 0.000792849 0 0.000329115
728  1 0.998887 3 0.000779389 0 0.000328465 2 5.5779e-006
729  1 0.998824 3 0.000886923 0 0.000288715
730  1 0.998838 3 0.000868679 0 0.000293188
731  1 0.998841 3 0.00088625 0 0.000272728
732  1 0.998835 3 0.000838708 0 0.000326358
733  1 0.998836 3 0.000853298 0 0.000310466
734  1 0.99882 3 0.000855143 0 0.00032531
735  1 0.998851 3 0.000849864 0 0.000298877
736  1 0.998863 3 0.0008302 0 0.000306985
737  1 0.998863 3 0.000842517 0 0.000294592
738  1 0.998865 3 0.000820627 0 0.000314629
739  1 0.998834 3 0.000825449 0 0.000340383
740  1 0.99885 3 0.000822968 0 0.000327244
741  1 0.998864 3 0.000807705 0 0.000328047
742  1 0.998864 3 0.000795739 0 0.000340182 2 1.02892e-007
743  1 0.998818 3 0.000828508 0 0.000353325
744  1 0.99883 3 0.000813168 0 0.000352996 2 3.96065e-006
745  1 0.998795 3 0.000796558 0 0.000363312 2 4.5416e-005
746  1 0.99882 3 0.000804487 0 0.000358965 2 1.68451e-005
747  1 0.998796 3 0.000809743 0 0.000367607 2 2.67887e-005
748  1 0.998842 3 0.000799868 0 0.000349686 2 7.96057e-006
749  1 0.998819 3 0.000787055 0 0.000346647 2 4.6945e-005
750  1 0.998785 3 0.000823461 0 0.00037175 2 2.02055e-005
751  1 0.998802 3 0.000843989 0 0.000354466
752  1 0.998801 3 0.000831991 0 0.000366235 2 7.13409e-007
753  1 0.998773 3 0.000837503 0 0.000375935 2 1.36833e-005
754  1 0.99876 3 0.000852188 0 0.000379616 2 8.41012e-006
755  1 0.99881 3 0.000905017 0 0.000284842
756  1 0.998807 3 0.000887717 0 0.000305618
757  1 0.998767 3 0.000885278 0 0.000347399
758  1 0.998788 3 0.000887257 0 0.000325107
759  1 0.998773 3 0.000906306 0 0.00032079
760  1 0.998804 3 0.000871796 0 0.000324181
761  1 0.998802 3 0.000857233 0 0.000340426
762  1 0.998785 3 0.000859794 0 0.000355496
763  1 0.998726 3 0.00088654 0 0.000365924 2 2.17992e-005
764  1 0.998768 3 0.00087607 0 0.000356009
765  1 0.998767 3 0.000862966 0 0.000369925
766  1 0.998739 3 0.000867016 0 0.000383451 2 1.06021e-005
767  1 0.998709 3 0.00090222 0 0.000367712 2 2.09131e-005
768  1 0.998684 3 0.000891985 0 0.000378435 2 4.51708e-005
769  1 0.998654 3 0.000898048 0 0.00038992 2 5.84333e-005
770  1 0.998622 3 0.000913914 0 0.000392516 2 7.15211e-005
771  1 0.998704 3 0.000882276 0 0.000387069 2 2.63294e-005
772  1 0.998809 3 0.000909703 0 0.000281572
773  1 0.998796 3 0.000922635 0 0.000281447
774  1 0.998768 3 0.000960784 0 0.00027135
775  1 0.998781 3 0.000940457 0 0.000278285
776  1 0.998788 3 0.000962768 0 0.000249134
777  1 0.998777 3 0.000923636 0 0.000299254
778  1 0.998757 3 0.00092403 0 0.000318833
779  1 0.998729 3 0.00102091 0 0.000249625
780  1 0.998736 3 0.00103447 0 0.00022948
781  1 0.998712 3 0.000978761 0 0.000308961
782  1 0.99872 3 0.000998756 0 0.000280826
783  1 0.998742 3 0.00100102 0 0.000256967
784  1 0.998755 3 0.000981305 0 0.000263617
785  1 0.998763 3 0.001003 0 0.000234235
786  1 0.998748 3 0.000959793 0 0.000292613
787  1 0.998705 3 0.000959562 0 0.000335263
788  1 0.998727 3 0.000960338 0 0.000312846
789  1 0.998742 3 0.000941982 0 0.000316267
790  1 0.998737 3 0.00092497 0 0.000337922
791  1 0.998697 3 0.000936674 0 0.000366005
792  1 0.998646 3 0.00092392 0 0.000381927 2 4.76808e-005
793  1 0.998714 3 0.000920115 0 0.00036588
794  1 0.997714 3 0.00111666 2 0.000644004 0 0.000525195
795  1 0.970745 2 0.0274225 3 0.00124323 0 0.000588883
796  1 0.579744 2 0.417133 3 0.00290248 0 0.000220805
797  1 0.853929 2 0.14381 3 0.00173687 0 0.000524025
798  1 0.861219 2 0.136551 3 0.00169781 0 0.000531825
799  1 0.849746 2 0.147971 3 0.00176303 0 0.000519197
800  1 0.570658 2 0.426107 3 0.00294698 0 0.000288459
801  0 0.532395 2 0.466508 3 0.00091137 1 0.000185857
802  2 0.77143 0 0.223911 3 0.00359917 1 0.00106037
803  2 0.772596 0 0.222884 3 0.00361674 1 0.000903162
804  2 0.766459 0 0.228336 3 0.0035273 1 0.00167694
805  2 0.77096 0 0.224071 3 0.00358446 1 0.00138484
806  0 0.537204 2 0.46185 3 0.000756317 1 0.000189793
807  2 0.896364 1 0.0566905 0 0.0420522 3 0.00489326
808  2 0.740904 1 0.252401 3 0.0043106 0 0.00238505
809  2 0.745884 1 0.247651 3 0.00434314 0 0.00212206
810  2 0.737067 1 0.256407 3 0.00428876 0 0.00223704
811  2 0.765909 0 0.228337 3 0.00350766 1 0.00224636
812  2 0.881561 1 0.0658478 0 0.0477963 3 0.00479496
813  2 0.735072 1 0.258224 3 0.00427566 0 0.00242854
814  2 0.733608 1 0.259264 3 0.00426486 0 0.00286285
815  0 0.539377 2 0.459773 3 0.000661738 1 0.000188445
816  2 0.763847 0 0.229679 3 0.00346546 1 0.00300843
817  2 0.762728 0 0.230218 3 0.0034285 1 0.00362601
818  0 0.536312 2 0.462611 3 0.000873672 1 0.000203746
819  2 0.874814 1 0.0687021 0 0.0517597 3 0.00472376
820  3 0.996141 2 0.00254109 1 0.00131776
821  3 0.995532 2 0.00260809 1 0.0013425 0 0.000517364
822  3 0.995541 2 0.0025714 1 0.00134418 0 0.000543152
823  3 0.995721 2 0.00267834 1 0.00133767 0 0.000263217
824  3 0.995768 2 0.00264451 1 0.00134012 0 0.000247728
825  3 0.99609 2 0.00260211 1 0.00130744
826  3 0.979786 0 0.0162003 2 0.00261862 1 0.0013949
827  3 0.891045 0 0.105107 2 0.00234274 1 0.00150497
828  3 0.886182 0 0.110055 2 0.00226073 1 0.00150212
829  3 0.99576 2 0.00279913 1 0.00132233 0 0.000118557
830  3 0.995805 2 0.00277154 1 0.001327 0 9.59777e-005
831  3 0.996008 2 0.00269944 1 0.00129247
832  3 0.909134 0 0.0867744 2 0.00258842 1 0.00150312
833  3 0.990112 0 0.00567093 2 0.00283199 1 0.00138481
834  3 0.911825 0 0.0840336 2 0.00264121 1 0.00150069
835  3 0.995844 2 0.00274248 1 0.00133113 0 8.24519e-005
836  3 0.995534 2 0.00271002 1 0.00133476 0 0.00042107
837  3 0.996046 2 0.00265443 1 0.00129942
838  3 0.981972 0 0.0139171 2 0.00271695 1 0.00139409
839  3 0.673902 0 0.322752 1 0.00175579 2 0.00159082
840  3 0.902761 0 0.0932221 2 0.00251051 1 0.0015061
841  3 0.893408 0 0.102671 2 0.00241198 1 0.00150891
842  3 0.663194 0 0.333641 1 0.00174339 2 0.00142189
843  0 0.687771 3 0.310024 1 0.00220418
844  0 0.686707 3 0.310956 1 0.00218955 2 0.000147119
845  0 0.843394 2 0.152377 3 0.00223315 1 0.0019949
846  0 0.909492 3 0.0664796 2 0.0215142 1 0.00251367
847  0 0.847623 2 0.147923 3 0.00243069 1 0.00202318
848  0 0.688844 3 0.308491 1 0.00217539 2 0.000489869
849  0 0.69064 3 0.30619 1 0.00215967 2 0.0010105
850  0 0.845386 2 0.148603 3 0.00399614 1 0.00201436
851  0 0.682136 3 0.315386 1 0.00221404 2 0.000264334
852  0 0.909109 3 0.0709006 2 0.0174307 1 0.0025602
853  0 0.842262 2 0.149277 3 0.00644929 1 0.00201109
854  0 0.837894 2 0.150284 3 0.00981788 1 0.00200422
855  3 0.995696 2 0.00282506 1 0.0013166 0 0.000162669
856  3 0.989888 0 0.00583895 2 0.00289754 1 0.00137573
857  3 0.663104 0 0.333382 1 0.00177131 2 0.00174207
858  3 0.906668 0 0.0891496 2 0.0026877 1 0.00149474
859  3 0.900058 0 0.0957665 2 0.00268424 1 0.00149103
860  3 0.910972 0 0.084856 2 0.0026741 1 0.00149766
861  3 0.672733 0 0.323825 1 0.00176701 2 0.00167486
862  0 0.674146 3 0.323017 1 0.00221409 2 0.000622961
863  0 0.669563 3 0.327682 1 0.00222303 2 0.000531612
864  0 0.670215 3 0.326386 1 0.00221506 2 0.0011839
865  0 0.896045 3 0.0798958 2 0.0215086 1 0.00255084
866  0 0.829463 2 0.15682 3 0.0117513 1 0.00196561
867  0 0.667742 3 0.329755 1 0.00222578 2 0.000276682
868  0 0.874315 3 0.0970423 2 0.0261258 1 0.00251704
869  0 0.82002 2 0.164443 3 0.013613 1 0.00192345
870  0 0.815482 2 0.167807 3 0.014808 1 0.00190279
871  0 0.824674 2 0.160665 3 0.0127164 1 0.00194479
872  3 0.995973 2 0.00274712 1 0.00127944
873  3 0.995735 2 0.00285025 1 0.00131004 0 0.000104309
874  3 0.995579 2 0.00289583 1 0.00129447 0 0.000230569
875  3 0.995729 2 0.00287397 1 0.00130258 0 9.46719e-005
876  3 0.995946 2 0.00278517 1 0.0012684
877  3 0.989541 0 0.00614558 2 0.00295427 1 0.00135948
878  3 0.897945 0 0.0978762 2 0.0026984 1 0.00148075
879  3 0.995576 2 0.00295698 1 0.00126509 0 0.000202032
880  3 0.995906 2 0.00285658 1 0.00123792
881  3 0.892496 0 0.103316 2 0.00274778 1 0.00144034
882  3 0.983916 0 0.011745 2 0.00302482 1 0.00131382
883  3 0.995752 2 0.00293856 1 0.00127533 0 3.42227e-005
884  3 0.995659 2 0.0029177 1 0.00128519 0 0.000137729
885  3 0.995925 2 0.00281929 1 0.0012562
886  3 0.986343 0 0.00932843 2 0.00298992 1 0.00133913
887  3 0.647846 0 0.348699 1 0.00175345 2 0.00170185
888  3 0.89394 0 0.101873 2 0.00273192 1 0.00145484
889  3 0.897232 0 0.0985784 2 0.00272273 1 0.00146705
890  3 0.652101 0 0.344447 1 0.00176797 2 0.00168377
891  0 0.664206 3 0.333231 1 0.00222502 2 0.000337679
892  0 0.865557 3 0.103978 2 0.0279554 1 0.00250968
893  0 0.665864 3 0.331702 1 0.00222623 2 0.000207053
894  1 0.99799 3 0.0011069 0 0.000526152 2 0.000377322
895  1 0.997848 3 0.00109117 2 0.000539839 0 0.00052116
896  1 0.997925 3 0.00109879 0 0.00052494 2 0.000451326
897  1 0.974307 2 0.0238875 3 0.00121004 0 0.000595884
898  1 0.86711 2 0.13069 3 0.00166586 0 0.000533245
899  1 0.996692 2 0.00176099 3 0.0010708 0 0.000476611
900  1 0.997775 3 0.00107107 2 0.000660413 0 0.000493968
901  1 0.887407 2 0.11051 3 0.00157075 0 0.000512308
902  1 0.985544 2 0.012737 3 0.00113496 0 0.000583738
903  1 0.89161 2 0.10635 3 0.00155707 0 0.000483356
904  1 0.997973 3 0.00107624 0 0.000506833 2 0.000443602
905  1 0.997827 3 0.00108378 2 0.000573493 0 0.000515237
906  1 0.981165 2 0.0170706 3 0.00116495 0 0.000599006
907  1 0.607011 2 0.390074 3 0.0028118 0 0.000102453
908  1 0.880072 2 0.117802 3 0.0016022 0 0.000524104
909  1 0.87383 2 0.124005 3 0.00163192 0 0.000532869
910  1 0.598113 2 0.398814 3 0.00282607 0 0.000247328
911  2 0.757515 1 0.235196 3 0.00446219 0 0.00282662
912  2 0.75533 1 0.238252 3 0.00442458 0 0.00199416
913  2 0.901147 1 0.0484808 0 0.0454656 3 0.00490678
914  2 0.780732 0 0.215403 3 0.00386483
915  2 0.750502 1 0.243276 3 0.00438028 0 0.00184163
916  1 0.998641 3 0.00107766 0 0.000229987 2 5.17244e-005
917  1 0.998545 3 0.00107147 0 0.000265662 2 0.000117538
918  1 0.864342 2 0.133908 3 0.00175044
919  1 0.979559 2 0.019027 3 0.00121457 0 0.000199377
920  1 0.862866 2 0.135396 3 0.00173813
921  1 0.998545 3 0.00106554 0 0.000302226 2 8.75638e-005
922  1 0.998302 3 0.00106173 0 0.00033881 2 0.000296979
923  2 0.710014 0 0.282421 1 0.00468175 3 0.00288306
924  2 0.84722 0 0.08709 1 0.0613089 3 0.00438092
925  2 0.710591 0 0.282042 1 0.00457566 3 0.0027908
926  1 0.599838 2 0.397315 3 0.00284648
927  2 0.726226 1 0.257525 0 0.01187 3 0.00437841
928  2 0.731402 1 0.25389 0 0.0102738 3 0.00443441
929  2 0.721818 1 0.26039 0 0.0134866 3 0.00430473
930  1 0.596095 2 0.400981 3 0.00292451
931  2 0.718378 1 0.262779 0 0.0146208 3 0.00422227
932  1 0.868393 2 0.129851 3 0.00175624
933  1 0.877461 2 0.120692 3 0.0016873 0 0.000159963
934  1 0.871448 2 0.126757 3 0.00173645 0 5.87291e-005
935  1 0.982072 2 0.0164204 3 0.00117551 0 0.00033168
936  1 0.998034 3 0.00105969 2 0.000532435 0 0.000373764
937  1 0.884288 2 0.113812 3 0.00163439 0 0.000264971
938  1 0.986704 2 0.0116993 3 0.00113436 0 0.00046243
939  1 0.996629 2 0.00187405 3 0.00106529 0 0.00043131
940  1 0.996887 2 0.00158939 3 0.00106619 0 0.00045692
941  1 0.997327 2 0.00120679 3 0.00106148 0 0.000404403
942  1 0.988587 2 0.0097479 3 0.00111793 0 0.00054678
943  1 0.604671 2 0.392501 3 0.00282706
944  1 0.889509 2 0.108541 3 0.00159141 0 0.000358711
945  1 0.89057 2 0.107428 3 0.00157137 0 0.000430344
946  1 0.613395 2 0.383664 3 0.00283777 0 0.000104062
947  0 0.567826 2 0.43112 3 0.000577776 1 0.00047694
948  2 0.707659 0 0.283374 1 0.00600062 3 0.00296675
949  2 0.734761 0 0.259206 3 0.00330526 1 0.00272753
950  2 0.722815 0 0.270619 3 0.00315772 1 0.00340835
951  0 0.568256 2 0.430639 3 0.000606597 1 0.000498997
952  2 0.856202 0 0.0813422 1 0.0578687 3 0.00458699
953  2 0.732542 1 0.25307 0 0.00994165 3 0.00444644
954  2 0.743879 1 0.24355 0 0.00808431 3 0.00448687
955  2 0.752943 0 0.242342 3 0.00347085 1 0.00124351
956  2 0.876456 0 0.0680587 1 0.0507183 3 0.00476722
957  2 0.752286 1 0.237828 0 0.00538236 3 0.00450365
958  2 0.75411 1 0.237406 3 0.00447954 0 0.0040052
959  0 0.551395 2 0.447421 3 0.000793323 1 0.000390512
960  2 0.764023 0 0.232415 3 0.00356251
961  2 0.775093 0 0.220992 3 0.00391463
962  0 0.538099 2 0.460818 3 0.000836201 1 0.000247071
963  2 0.896247 0 0.0531232 1 0.0457483 3 0.00488136
964  0 0.800858 2 0.192502 3 0.00494928 1 0.00169049
965  0 0.803195 2 0.190495 3 0.00459803 1 0.00171182
966  0 0.697567 3 0.296753 2 0.00357959 1 0.00210033
967  0 0.866531 3 0.0803097 2 0.0509073 1 0.0022517
968  0 0.696936 3 0.297021 2 0.00395707 1 0.00208612
969  0 0.808723 2 0.185975 3 0.00354635 1 0.0017558
970  0 0.815878 2 0.179516 3 0.00279896 1 0.00180702
971  3 0.978521 0 0.01757 2 0.00251621 1 0.00139286
972  3 0.995506 2 0.00253359 1 0.00134574 0 0.000614523
973  3 0.648205 0 0.348788 1 0.00172997 2 0.00127733
974  3 0.881767 0 0.114551 2 0.00218321 1 0.00149848
975  3 0.877459 0 0.118955 2 0.00209121 1 0.00149456
976  3 0.63866 0 0.358392 1 0.00171289 2 0.00123472
977  3 0.877194 0 0.119286 2 0.00203308 1 0.00148779
978  0 0.697579 3 0.297117 2 0.00318876 1 0.00211499
979  0 0.697181 3 0.299488 1 0.00215132 2 0.00117968
980  0 0.699016 3 0.296723 1 0.00213501 2 0.00212649
981  0 0.875239 3 0.0775127 2 0.0449314 1 0.00231677
982  0 0.823218 2 0.172168 3 0.00275428 1 0.00186039
983  0 0.899566 3 0.0684865 2 0.0295031 1 0.00244456
984  0 0.839583 2 0.157034 1 0.0019712 3 0.00141136
985  0 0.83244 2 0.164222 1 0.00192395 3 0.00141454
986  3 0.996225 2 0.00263935 1 0.00113601
987  3 0.996243 2 0.00263499 1 0.00112166
988  3 0.996169 2 0.00267451 1 0.00115654
989  3 0.996196 2 0.00265805 1 0.00114604
990  3 0.996209 2 0.00263937 1 0.00115207
991  3 0.996193 2 0.00263885 1 0.00116818
992  3 0.996222 2 0.00261988 1 0.00115818
993  3 0.996063 2 0.00274525 1 0.00119221
994  3 0.996087 2 0.00272923 1 0.0011833
995  3 0.996108 2 0.00269824 1 0.00119368
996  3 0.996097 2 0.00271477 1 0.00118831
997  3 0.996081 2 0.00271763 1 0.0012009
998  3 0.996114 2 0.00271009 1 0.00117553
999  3 0.996141 2 0.00269259 1 0.00116612
1000  3 0.996152 2 0.00267579 1 0.00117199
1001  3 0.996121 2 0.00267864 1 0.00120006
1002  3 0.996136 2 0.00267763 1 0.00118636
1003  3 0.996164 2 0.00265801 1 0.00117762
1004  3 0.996178 2 0.00263815 1 0.00118365
1005  3 0.996109 2 0.002678 1 0.00121349
1006  3 0.996136 2 0.0026569 1 0.00120683
1007  3 0.996171 2 0.00260767 1 0.00122117
1008  3 0.996153 2 0.00263323 1 0.00121382
1009  3 0.996143 2 0.00262834 1 0.00122862
1010  3 0.996165 2 0.00263613 1 0.00119898
1011  3 0.996194 2 0.00261596 1 0.00119021
1012  3 0.995923 2 0.0028355 1 0.00124139
1013  3 0.995939 2 0.00280789 1 0.00125272
1014  3 0.99593 2 0.00282317 1 0.00124644
1015  3 0.995938 2 0.00282663 1 0.00123497
1016  3 0.995956 2 0.00281216 1 0.00123141
1017  3 0.995989 2 0.00273518 1 0.00127572
1018  3 0.995974 2 0.00275521 1 0.0012704
1019  3 0.995984 2 0.00276922 1 0.00124717
1020  3 0.995978 2 0.00276251 1 0.00125962
1021  3 0.995996 2 0.00275131 1 0.00125297
1022  3 0.995961 2 0.00277395 1 0.00126474
1023  3 0.99595 2 0.00279172 1 0.00125869
1024  3 0.995955 2 0.00279733 1 0.00124732
1025  3 0.995992 2 0.00277392 1 0.00123418
1026  3 0.995973 2 0.00278545 1 0.00124148
1027  3 0.995964 2 0.00279963 1 0.00123628
1028  3 0.995975 2 0.00279932 1 0.00122527
1029  3 0.996012 2 0.00276305 1 0.00122516
1030  3 0.996003 2 0.00277587 1 0.0012214
1031  3 0.996016 2 0.00277479 1 0.001209
1032  3 0.996039 2 0.00275995 1 0.00120107
1033  3 0.995995 2 0.00278704 1 0.00121763
1034  3 0.996047 2 0.00274822 1 0.00120483
1035  3 0.996023 2 0.00274709 1 0.00123023
1036  3 0.996033 2 0.00274942 1 0.00121715
1037  3 0.996057 2 0.00273434 1 0.00120885
1038  3 0.996068 2 0.0027179 1 0.00121368
1039  3 0.996006 2 0.00271126 1 0.00128268
1040  3 0.996006 2 0.00272193 1 0.00127164
1041  3 0.996046 2 0.00269523 1 0.00125917
1042  3 0.996025 2 0.00270833 1 0.0012663
1043  3 0.996042 2 0.00268512 1 0.00127251
1044  3 0.99601 2 0.00273084 1 0.00125938
1045  3 0.996015 2 0.0027399 1 0.00124509
1046  3 0.996036 2 0.00272776 1 0.00123659
1047  3 0.996067 2 0.00268226 1 0.00125063
1048  3 0.99605 2 0.00270599 1 0.00124355
1049  3 0.996058 2 0.00271363 1 0.00122825
1050  3 0.996082 2 0.00269729 1 0.00122041
1051  3 0.996085 2 0.002657 1 0.00125759
1052  3 0.996091 2 0.00266659 1 0.00124278
1053  3 0.996116 2 0.00264809 1 0.0012358
1054  3 0.996135 2 0.00262218 1 0.00124275
1055  3 0.996098 2 0.00267345 1 0.00122814
1056  3 0.996024 2 0.0026871 1 0.0012888
1057  3 0.996065 2 0.00263529 1 0.00130014
1058  3 0.996044 2 0.0026616 1 0.00129473
1059  3 0.996042 2 0.00267374 1 0.00128456
1060  3 0.996061 2 0.00266009 1 0.00127867
1061  3 0.996161 2 0.00252245 1 0.00131675
1062  3 0.996136 2 0.00254716 1 0.00131639
1063  3 0.996127 2 0.00257654 1 0.00129669
1064  3 0.99613 2 0.00256371 1 0.00130611
1065  3 0.996151 2 0.00254722 1 0.00130148
1066  3 0.996111 2 0.00257835 1 0.00131068
1067  3 0.996087 2 0.0026067 1 0.00130594
1068  3 0.996083 2 0.00262064 1 0.00129614
1069  3 0.996125 2 0.00258985 1 0.00128465
1070  3 0.996104 2 0.00260544 1 0.00129104
1071  3 0.996081 2 0.00263361 1 0.00128495
1072  3 0.996082 2 0.00264593 1 0.00127193
1073  3 0.996149 2 0.00257339 1 0.00127758
1074  3 0.996126 2 0.00260236 1 0.00127131
1075  3 0.99613 2 0.00261299 1 0.00125738
1076  3 0.996156 2 0.00259409 1 0.00125019
1077  3 0.996105 2 0.00263026 1 0.00126463
1078  3 0.996266 2 0.00260272 1 0.00113143
1079  3 0.996269 2 0.00262031 1 0.00111117
1080  3 0.996237 2 0.0025991 1 0.00116423
1081  3 0.996251 2 0.0026011 1 0.00114791
1082  3 0.99628 2 0.00258289 1 0.00113735
1083  3 0.996296 2 0.00255949 1 0.00114418
1084  3 0.996306 2 0.00256747 1 0.00112635
1085  3 0.996191 2 0.00258107 1 0.00122797
1086  3 0.9962 2 0.00258728 1 0.00121257
1087  3 0.99626 2 0.00254618 1 0.00119381
1088  3 0.99623 2 0.00256672 1 0.00120345
1089  3 0.99625 2 0.00253954 1 0.00121011
1090  3 0.996211 2 0.00259224 1 0.00119681
1091  3 0.996223 2 0.00259628 1 0.00118062
1092  3 0.996253 2 0.00257663 1 0.00117069
1093  3 0.99629 2 0.00252544 1 0.00118409
1094  3 0.996271 2 0.00255212 1 0.00117727
1095  3 0.996283 2 0.00255653 1 0.00116069
1096  3 0.996313 2 0.002536 1 0.00115082
1097  3 0.996312 2 0.00249646 1 0.00119128
1098  3 0.996321 2 0.00250415 1 0.00117439
1099  3 0.996383 2 0.00246204 1 0.00115512
1100  3 0.996352 2 0.0024828 1 0.00116475
1101  3 0.996376 2 0.00245151 1 0.00117253
1102  3 0.996332 2 0.00251025 1 0.00115773
1103  3 0.996343 2 0.00251586 1 0.0011409
1104  3 0.996188 2 0.00249107 1 0.00132088
1105  3 0.996181 2 0.00250775 1 0.00131157
1106  3 0.996228 2 0.00246647 1 0.00130544
1107  3 0.996204 2 0.0024869 1 0.00130927
1108  3 0.996232 2 0.00245448 1 0.00131365
1109  3 0.996177 2 0.00251765 1 0.00130551
1110  3 0.996174 2 0.00253006 1 0.00129578
1111  3 0.996339 2 0.0023838 1 0.00127714
1112  3 0.996309 2 0.00240623 1 0.0012846
1113  3 0.996339 2 0.00237078 1 0.00129004
1114  3 0.996253 2 0.00247247 1 0.00127481
1115  3 0.99628 2 0.00243975 1 0.00127995
1116  3 0.996282 2 0.00245058 1 0.00126739
1117  3 0.996281 2 0.00242712 1 0.00129233
1118  3 0.996253 2 0.00244808 1 0.00129851
1119  3 0.996282 2 0.00241533 1 0.00130235
1120  3 0.996226 2 0.00248047 1 0.00129402
1121  3 0.996226 2 0.0025044 1 0.00126931
1122  3 0.996225 2 0.00249289 1 0.00128222
1123  3 0.996199 2 0.00251195 1 0.00128916
1124  3 0.996173 2 0.0025431 1 0.00128367
1125  3 0.99623 2 0.00251378 1 0.00125628
1126  3 0.996201 2 0.00253506 1 0.00126353
1127  3 0.996178 2 0.00256464 1 0.00125744
1128  3 0.996184 2 0.00257294 1 0.0012434
1129  3 0.996174 2 0.00255512 1 0.00127058
1130  3 0.996212 2 0.00255248 1 0.0012351
1131  3 0.996259 2 0.00249276 1 0.00124782
1132  3 0.996235 2 0.0025231 1 0.00124176
1133  3 0.996242 2 0.00253218 1 0.00122597
1134  3 0.996272 2 0.00251123 1 0.00121667
1135  3 0.99637 2 0.00235986 1 0.0012697
1136  3 0.996341 2 0.0023945 1 0.00126469
1137  3 0.996348 2 0.0024157 1 0.00123636
1138  3 0.996344 2 0.00240535 1 0.00125091
1139  3 0.996376 2 0.00238192 1 0.0012421
1140  3 0.996312 2 0.00242818 1 0.0012595
1141  3 0.996285 2 0.00246102 1 0.0012538
1142  3 0.99629 2 0.00247111 1 0.00123892
1143  3 0.996353 2 0.00242633 1 0.00122042
1144  3 0.996321 2 0.00244915 1 0.00122972
1145  3 0.996296 2 0.00248098 1 0.0012232
1146  3 0.996303 2 0.00248944 1 0.00120724
1147  3 0.996386 2 0.00240279 1 0.00121141
1148  3 0.99636 2 0.00243529 1 0.00120498
1149  3 0.996367 2 0.00244334 1 0.00118923
1150  3 0.9964 2 0.00242075 1 0.00117966
1151  3 0.996335 2 0.00246601 1 0.00119849
1152  3 0.996401 2 0.00232808 1 0.00127141
1153  3 0.996403 2 0.00233611 1 0.00126128
1154  3 0.996469 2 0.00228815 1 0.00124296
1155  3 0.996435 2 0.00231166 1 0.00125289
1156  3 0.996467 2 0.00227579 1 0.00125762
1157  3 0.996405 2 0.00234727 1 0.0012475
1158  3 0.996409 2 0.00235947 1 0.00123196
1159  3 0.996605 2 0.00218552 1 0.0012098
1160  3 0.996571 2 0.00221152 1 0.00121758
1161  3 0.996603 2 0.00217343 1 0.00122313
1162  3 0.996509 2 0.00228397 1 0.00120663
1163  3 0.99654 2 0.00224627 1 0.00121327
1164  3 0.996542 2 0.00226022 1 0.00119791
1165  3 0.996537 2 0.00223553 1 0.00122701
1166  3 0.996503 2 0.00226297 1 0.00123416
1167  3 0.996535 2 0.00222444 1 0.00124056
1168  3 0.996471 2 0.00230042 1 0.00122816
1169  3 0.99648 2 0.00231984 1 0.00120031
1170  3 0.996475 2 0.00231023 1 0.00121462
1171  3 0.996441 2 0.00233654 1 0.00122217
1172  3 0.996413 2 0.00236945 1 0.00121748
1173  3 0.996485 2 0.00232996 1 0.00118524
1174  3 0.996452 2 0.00235406 1 0.00119385
1175  3 0.996425 2 0.00238789 1 0.00118689
1176  3 0.996432 2 0.00239734 1 0.0011706
1177  3 0.996419 2 0.00237872 1 0.00120255
1178  1 0.968372 2 0.030182 3 0.000949924 0 0.000496001
1179  1 0.997817 3 0.000849523 2 0.000873876 0 0.000459762
1180  1 0.594418 2 0.403042 3 0.0021826 0 0.000357211
1181  1 0.855009 2 0.143184 3 0.0013301 0 0.000476833
1182  1 0.85775 2 0.140465 3 0.00131256 0 0.000472494
1183  1 0.597917 2 0.399572 3 0.00215569 0 0.000355919
1184  1 0.860608 2 0.137633 3 0.00129394 0 0.000465159
1185  0 0.519469 2 0.478655 3 0.00112423 1 0.000751352
1186  2 0.807973 0 0.184532 1 0.00493673 3 0.00255817
1187  2 0.818146 0 0.176413 1 0.00303995 3 0.00240145
1188  2 0.811514 0 0.181521 1 0.00442835 3 0.00253731
1189  0 0.513992 2 0.484607 3 0.00105619 1 0.00034467
1190  2 0.892294 1 0.0716999 0 0.0325877 3 0.00341806
1191  2 0.730293 1 0.26601 3 0.00319466 0 0.000502186
1192  2 0.732049 1 0.26455 3 0.00319615 0 0.00020454
1193  2 0.824259 0 0.171711 3 0.00238696 1 0.00164293
1194  2 0.900757 1 0.067482 0 0.0283527 3 0.00340874
1195  2 0.734533 1 0.262026 3 0.00319768 0 0.000242423
1196  2 0.737982 1 0.258344 3 0.00320172 0 0.000472537
1197  0 0.522348 2 0.477089 3 0.000293948 1 0.000269072
1198  2 0.835022 0 0.162199 3 0.00240189 1 0.000377035
1199  2 0.846763 0 0.150498 3 0.00273965
1200  2 0.838608 0 0.158849 3 0.0025428
1201  0 0.508379 2 0.491111 3 0.000509827
1202  2 0.912233 1 0.0595217 0 0.0248352 3 0.00341
1203  2 0.743325 1 0.253233 3 0.00321278 0 0.000229589
1204  3 0.996129 2 0.0027765 1 0.00109483
1205  3 0.99625 2 0.00262886 1 0.00112078
1206  3 0.99622 2 0.00266838 1 0.00111172
1207  3 0.973414 0 0.0226901 2 0.00276187 1 0.00113453
1208  3 0.871756 0 0.124575 2 0.00237135 1 0.00129761
1209  3 0.996364 2 0.00248024 1 0.00115559
1210  3 0.996352 2 0.00250101 1 0.00114742
1211  3 0.874777 0 0.121657 2 0.0022305 1 0.00133537
1212  3 0.975452 0 0.0208372 2 0.0025362 1 0.00117508
1213  3 0.876923 0 0.119555 2 0.00218142 1 0.00134076
1214  3 0.996309 2 0.00255307 1 0.00113817
1215  3 0.996305 2 0.00256404 1 0.00113121
1216  3 0.97472 0 0.0214637 2 0.00265906 1 0.00115713
1217  3 0.630169 0 0.36695 1 0.00173656 2 0.00114385
1218  3 0.873866 0 0.122527 2 0.00228249 1 0.00132456
1219  3 0.873604 0 0.122752 2 0.0023336 1 0.0013105
1220  3 0.62364 0 0.37342 1 0.00171502 2 0.00122433
1221  0 0.689804 3 0.30792 1 0.00227628
1222  0 0.688301 3 0.309155 1 0.00233965 2 0.000203958
1223  0 0.875769 3 0.0958504 2 0.0256198 1 0.00276131
1224  0 0.824875 2 0.162845 3 0.00996131 1 0.00231875
1225  0 0.688588 3 0.308348 1 0.00232898 2 0.000735457
1226  0 0.833271 2 0.155815 3 0.00847015 1 0.00244293
1227  0 0.687629 3 0.310108 1 0.00226306
1228  0 0.875093 3 0.0991003 2 0.0230358 1 0.0027705
1229  0 0.837393 2 0.151805 3 0.00838386 1 0.00241742
1230  0 0.844808 2 0.144276 3 0.00845875 1 0.00245772
1231  3 0.996382 2 0.00243644 1 0.0011643 0 1.72585e-005
1232  3 0.977677 0 0.0187332 2 0.0024059 1 0.00118429
1233  3 0.655541 0 0.341666 1 0.00171798 2 0.00107472
1234  3 0.885221 0 0.111379 2 0.00206729 1 0.00133274
1235  3 0.887268 0 0.10943 2 0.00197481 1 0.00132719
1236  3 0.8814 0 0.115125 2 0.00213661 1 0.00133856
1237  3 0.643385 0 0.353778 1 0.0017386 2 0.0010988
1238  0 0.681597 3 0.316211 1 0.00219222
1239  0 0.674048 3 0.323804 1 0.00214852
1240  0 0.67788 3 0.319945 1 0.00217508
1241  0 0.887959 3 0.0944113 2 0.0148341 1 0.002796
1242  0 0.851962 2 0.137071 3 0.00848574 1 0.00248118
1243  0 0.667518 3 0.330369 1 0.00211272
1244  0 0.883781 3 0.0987668 2 0.0147439 1 0.00270834
1245  0 0.855083 2 0.133606 3 0.00895526 1 0.00235579
1246  0 0.845255 2 0.141332 3 0.0112237 1 0.00218906
1247  0 0.857816 2 0.131841 3 0.0078814 1 0.00246093
1248  3 0.996446 2 0.00238105 1 0.00117299
1249  3 0.996339 2 0.00229218 1 0.00118963 0 0.000179081
1250  3 0.996481 2 0.00233739 1 0.00118141
1251  3 0.978719 0 0.0178183 2 0.00226901 1 0.00119404
1252  3 0.887762 0 0.10904 2 0.00187361 1 0.00132379
1253  3 0.996427 2 0.00209893 1 0.00121705 0 0.000257253
1254  3 0.996511 2 0.00214808 1 0.00121107 0 0.000129964
1255  3 0.888988 0 0.108111 2 0.00157572 1 0.00132571
1256  3 0.977004 0 0.0197623 2 0.00200733 1 0.00122592
1257  3 0.88897 0 0.108214 1 0.00132943 2 0.00148593
1258  3 0.996335 2 0.00219626 1 0.00120466 0 0.000263985
1259  3 0.996213 2 0.00224393 1 0.00119749 0 0.000345683
1260  3 0.976057 0 0.0206023 2 0.00212976 1 0.00121132
1261  3 0.672249 0 0.325464 1 0.00164244 2 0.00064482
1262  3 0.887963 0 0.109039 2 0.00167411 1 0.00132397
1263  3 0.889249 0 0.107654 2 0.00177647 1 0.00132109
1264  3 0.663175 0 0.334255 1 0.00168218 2 0.000888073
1265  0 0.639324 3 0.356717 1 0.00211488 2 0.00184416
1266  0 0.649089 3 0.347732 1 0.0021653 2 0.00101456
1267  0 0.866689 3 0.103677 2 0.0271298 1 0.00250425
1268  0 0.830341 2 0.154273 3 0.0133985 1 0.00198818
1269  0 0.659914 3 0.337912 1 0.00217446
1270  1 0.99823 3 0.00084037 2 0.000474931 0 0.000454964
1271  1 0.864643 2 0.133627 3 0.00127114 0 0.000459238
1272  1 0.97053 2 0.0280618 3 0.000925964 0 0.000482043
1273  1 0.997711 2 0.00100645 3 0.000834789 0 0.000447836
1274  1 0.996771 2 0.00195847 3 0.00083064 0 0.000439443
1275  2 0.847935 0 0.149447 3 0.00261864
1276  2 0.918929 1 0.0543018 0 0.0233162 3 0.00345266
1277  1 0.616323 2 0.381293 3 0.00205268 0 0.000330692
1278  2 0.741967 1 0.254313 3 0.00319183 0 0.000528203
1279  2 0.741513 1 0.255032 3 0.00318245 0 0.000272697
1280  2 0.743747 1 0.252809 3 0.00320641 0 0.00023806
1281  1 0.604628 2 0.392914 3 0.00211319 0 0.000344894
1282  1 0.866979 2 0.131317 3 0.00125376 0 0.000449911
1283  1 0.869741 2 0.128607 3 0.00122695 0 0.000425485
1284  1 0.86979 2 0.128533 3 0.00123512 0 0.000441803
1285  1 0.971978 2 0.0266572 3 0.00090462 0 0.000460348
1286  1 0.997317 2 0.00143023 3 0.000821555 0 0.000431248
1287  1 0.871299 2 0.127082 3 0.00121455 0 0.000404019
1288  1 0.971719 2 0.0269564 3 0.000890812 0 0.000433657
1289  1 0.997611 2 0.00117055 3 0.000807307 0 0.000410903
1290  1 0.998084 3 0.000799664 2 0.00071646 0 0.000399973
1291  1 0.99767 2 0.00109424 3 0.000813382 0 0.000421885
1292  3 0.996514 2 0.00205054 1 0.00122202 0 0.000213376
1293  3 0.976788 0 0.0200944 2 0.00187817 1 0.001239
1294  3 0.687501 0 0.310356 1 0.00158749 2 0.000555601
1295  3 0.889657 0 0.107668 1 0.001335 2 0.00133975
1296  3 0.889961 0 0.107431 1 0.00133613 2 0.00127184
1297  3 0.890215 0 0.107036 1 0.00133163 2 0.00141794
1298  3 0.682883 0 0.314916 1 0.0016089 2 0.000591565
1299  2 0.52463 0 0.473096 3 0.00227466
1300  0 0.743118 2 0.229399 3 0.0263046 1 0.00117899
1301  0 0.740575 2 0.231416 3 0.0268465 1 0.00116317
1302  0 0.762021 2 0.213795 3 0.0228725 1 0.00131145
1303  0 0.751762 2 0.222398 3 0.0246062 1 0.00123322
1304  2 0.527218 0 0.471021 3 0.00176153
1305  0 0.802325 3 0.135756 2 0.0599267 1 0.00199169
1306  0 0.609458 3 0.382029 2 0.00656071 1 0.00195185
1307  0 0.608149 3 0.383005 2 0.00691541 1 0.00193008
1308  0 0.614429 3 0.378177 2 0.00541026 1 0.00198298
1309  0 0.775729 2 0.202026 3 0.0208143 1 0.00143133
1310  0 0.816783 3 0.129678 2 0.0514279 1 0.00211116
1311  0 0.621789 3 0.37202 2 0.00416846 1 0.00202274
1312  0 0.631727 3 0.363777 1 0.00207113 2 0.0024252
1313  2 0.536606 0 0.461779 3 0.00161501
1314  0 0.794186 2 0.185861 3 0.0183594 1 0.00159408
1315  0 0.813747 2 0.168777 3 0.015688 1 0.00178811
1316  0 0.482748 2 0.516264 3 0.000988309
1317  0 0.842953 3 0.118407 2 0.0363299 1 0.0023096
1318  2 0.844075 0 0.152938 3 0.00247048 1 0.000516436
1319  2 0.837634 0 0.157107 1 0.00279091 3 0.0024683
1320  2 0.842701 0 0.152785 3 0.00248594 1 0.00202883
1321  2 0.913189 1 0.0558269 0 0.0275288 3 0.00345514
1322  2 0.737157 1 0.259219 3 0.00315798 0 0.000466028
1323  2 0.813083 0 0.178467 1 0.00611846 3 0.00233147
1324  2 0.816967 0 0.175336 1 0.00535753 3 0.00233986
1325  2 0.726562 1 0.268852 3 0.00308965 0 0.00149656
1326  2 0.884168 1 0.0709519 0 0.0415827 3 0.00329783
1327  2 0.722342 1 0.272589 3 0.00306431 0 0.00200436
1328  2 0.82214 0 0.170858 1 0.00462565 3 0.00237662
1329  2 0.828471 0 0.165212 1 0.00389473 3 0.00242281
1330  2 0.900071 1 0.0620519 0 0.0344864 3 0.00339078
1331  1 0.627061 2 0.370703 3 0.0019925 0 0.000243854
1332  2 0.733574 1 0.262576 3 0.00312499 0 0.000725005
1333  2 0.733156 1 0.262874 3 0.00313358 0 0.000836548
1334  1 0.624742 2 0.372965 3 0.00200862 0 0.000284264
1335  1 0.863809 2 0.134647 3 0.00122785 0 0.000316993
1336  1 0.867961 2 0.130474 3 0.00121614 0 0.00034864
1337  1 0.972249 2 0.0264733 3 0.000877626 0 0.000400146
1338  1 0.998329 3 0.000793583 2 0.000489607 0 0.000387768
1339  1 0.869648 2 0.128759 3 0.00121431 0 0.000378464
1340  2 0.812179 0 0.179258 1 0.00624062 3 0.00232155
1341  2 0.873641 1 0.0769407 0 0.046196 3 0.00322215
1342  1 0.608614 2 0.389127 3 0.002046 0 0.000213541
1343  2 0.714283 1 0.279522 3 0.0030144 0 0.0031807
1344  2 0.71311 1 0.280411 3 0.00299964 0 0.00347937
1345  2 0.717706 1 0.276602 3 0.00303725 0 0.00265449
1346  1 0.614056 2 0.383727 3 0.00203099 0 0.000185687
1347  1 0.99788 2 0.00103779 3 0.000778874 0 0.000303833
1348  1 0.997754 2 0.00117736 3 0.000779 0 0.000289786
1349  1 0.998317 3 0.000779872 2 0.00057085 0 0.000332685
1350  1 0.998034 2 0.000868464 3 0.000779238 0 0.000318193
1351  1 0.968429 2 0.0304147 3 0.00088199 0 0.000274256
1352  1 0.853924 2 0.144602 3 0.00126366 0 0.000210452
1353  1 0.854815 2 0.143732 3 0.00126329 0 0.000189778
1354  1 0.853891 2 0.144614 3 0.00126185 0 0.000232633
1355  1 0.998409 3 0.000781814 2 0.000462266 0 0.000346856
1356  1 0.969023 2 0.0297829 3 0.000878734 0 0.000315342
1357  1 0.854519 2 0.143966 3 0.00125833 0 0.000257037
1358  1 0.857885 2 0.140583 3 0.00124678 0 0.000285729
1359  1 0.998618 3 0.000784222 0 0.000361155 2 0.000236288
1360  1 0.998628 3 0.000788036 0 0.000374955 2 0.000209043
1361  1 0.970462 2 0.0283031 3 0.000876432 0 0.000358438
1362  1 0.969199 2 0.029649 3 0.000897939 0 0.000253588
1363  1 0.99772 2 0.00119714 3 0.000793056 0 0.000290152
1364  1 0.608926 2 0.388902 3 0.00207839 0 9.42141e-005
1365  1 0.856852 2 0.14169 3 0.0012799 0 0.000178339
1366  1 0.861788 2 0.136757 3 0.00128822 0 0.000167405
1367  1 0.611787 2 0.38604 3 0.00214639 0 2.71901e-005
1368  1 0.867858 2 0.130692 3 0.00129446 0 0.000155475
1369  2 0.523945 0 0.473792 3 0.00226375
1370  2 0.812709 0 0.178876 1 0.00605427 3 0.00236081
1371  2 0.819107 0 0.173836 1 0.00459097 3 0.00246563
1372  2 0.815725 0 0.176548 1 0.00531031 3 0.00241627
1373  2 0.525165 0 0.473071 3 0.00176375
1374  2 0.872675 1 0.0769046 0 0.0471729 3 0.00324707
1375  2 0.71301 1 0.280321 0 0.00362603 3 0.00304305
1376  2 0.713228 1 0.279987 0 0.00369216 3 0.0030928
1377  2 0.81873 0 0.1753 1 0.00344409 3 0.00252587
1378  2 0.876396 1 0.0725371 0 0.0476999 3 0.00336713
1379  2 0.713728 1 0.279202 0 0.00392107 3 0.00314817
1380  2 0.711533 1 0.280775 0 0.0044921 3 0.00320015
1381  2 0.535888 0 0.463176 3 0.000936224
1382  2 0.821987 0 0.173419 3 0.00260667 1 0.0019876
1383  2 0.813923 0 0.182773 3 0.00272415 1 0.000579782
1384  2 0.820536 0 0.175684 3 0.00268046 1 0.00109884
1385  2 0.552335 0 0.446898 3 0.000767045
1386  2 0.885149 1 0.0630697 0 0.0482458 3 0.00353574
1387  2 0.714986 1 0.277279 0 0.00445583 3 0.00327879
1388  3 0.996526 2 0.00208682 1 0.00122916 0 0.000158175
1389  3 0.996595 2 0.00215863 1 0.00124673
1390  3 0.996626 2 0.00212347 1 0.0012369 0 1.37016e-005
1391  3 0.977203 0 0.0196823 2 0.00186468 1 0.00124953
1392  3 0.890827 0 0.106508 1 0.00133639 2 0.00132916
1393  3 0.996151 2 0.0022972 1 0.00128332 0 0.000268936
1394  3 0.99637 2 0.00226449 1 0.00127341 0 9.17678e-005
1395  3 0.900038 0 0.0970824 2 0.00153733 1 0.0013424
1396  3 0.982344 0 0.0142945 2 0.00207774 1 0.00128377
1397  3 0.908007 0 0.088994 2 0.00165503 1 0.00134429
1398  3 0.996506 2 0.00222995 1 0.00126447
1399  3 0.996517 2 0.00219527 1 0.00125442 0 3.28775e-005
1400  3 0.979572 0 0.0171937 2 0.00197021 1 0.00126421
1401  3 0.698196 0 0.299552 1 0.00156074 2 0.000691098
1402  3 0.896703 0 0.100494 1 0.00133851 2 0.00146456
1403  3 0.89328 0 0.103977 1 0.00133688 2 0.00140528
1404  3 0.689677 0 0.3082 1 0.00157342 2 0.000549391
1405  0 0.611749 3 0.379618 2 0.00668551 1 0.00194763
1406  0 0.608857 3 0.382262 2 0.00694384 1 0.00193744
1407  0 0.798755 3 0.136012 2 0.0632591 1 0.00197438
1408  0 0.740891 2 0.231735 3 0.0261788 1 0.00119552
1409  0 0.608217 3 0.382854 2 0.00699699 1 0.0019324
1410  0 0.743037 2 0.23098 3 0.0247389 1 0.00124432
1411  0 0.614617 3 0.376793 2 0.00663236 1 0.00195795
1412  0 0.809036 3 0.1265 2 0.0624248 1 0.00203949
1413  0 0.747579 2 0.229085 3 0.0220233 1 0.00131338
1414  0 0.754313 2 0.226925 3 0.0173669 1 0.00139544
1415  3 0.996306 2 0.00233018 1 0.00129287 0 7.06442e-005
1416  3 0.986176 0 0.0103322 2 0.00218584 1 0.00130613
1417  3 0.715838 0 0.28046 2 0.00214714 1 0.00155423
1418  3 0.911949 0 0.0848575 2 0.00182777 1 0.00136611
1419  3 0.910389 0 0.0863689 2 0.00185947 1 0.00138238
1420  3 0.913201 0 0.0837059 2 0.00174199 1 0.00135145
1421  3 0.706199 0 0.290907 1 0.00155473 2 0.00133888
1422  0 0.622211 3 0.369691 2 0.00612046 1 0.00197687
1423  0 0.64672 3 0.34556 2 0.00569642 1 0.00202389
1424  0 0.63341 3 0.358946 2 0.00564408 1 0.00199993
1425  0 0.826761 3 0.109158 2 0.0619613 1 0.00211895
1426  0 0.756893 2 0.227015 3 0.0146369 1 0.00145484
1427  0 0.658763 3 0.333346 2 0.00584449 1 0.00204586
1428  0 0.853721 3 0.0832154 2 0.0608604 1 0.0022029
1429  0 0.758885 2 0.229594 3 0.010001 1 0.00151945
1430  0 0.758924 2 0.232427 3 0.00712625 1 0.00152222
1431  0 0.759844 2 0.226269 3 0.0123739 1 0.00151282
1432  3 0.996336 2 0.00236009 1 0.00130352
1433  3 0.995985 2 0.00241787 1 0.00131903 0 0.000278116
1434  3 0.996298 2 0.00238955 1 0.00131237
1435  3 0.988492 0 0.00789663 2 0.00228144 1 0.00133006
1436  3 0.913319 0 0.0833691 2 0.00191625 1 0.00139516
1437  3 0.995561 2 0.00251342 1 0.00134239 0 0.00058339
1438  3 0.995765 2 0.00249235 1 0.00133817 0 0.000404687
1439  3 0.891656 0 0.104939 2 0.00195308 1 0.00145156
1440  3 0.979874 0 0.0163594 2 0.00239096 1 0.00137548
1441  3 0.886046 0 0.110516 2 0.00197343 1 0.00146499
1442  3 0.996131 2 0.00247027 1 0.00133257 0 6.66123e-005
1443  3 0.996228 2 0.00244485 1 0.00132692
1444  3 0.985482 0 0.0108166 2 0.00234687 1 0.00135447
1445  3 0.673585 0 0.323798 1 0.00164406 2 0.000973027
1446  3 0.90565 0 0.0909561 2 0.00196461 1 0.00142932
1447  3 0.911999 0 0.0846403 2 0.00194974 1 0.00141081
1448  3 0.700525 0 0.296335 1 0.00159364 2 0.00154621
1449  0 0.683338 3 0.309634 2 0.00494129 1 0.0020868
1450  0 0.676292 3 0.316288 2 0.00534303 1 0.00207649
1451  0 0.870944 3 0.0716834 2 0.0550926 1 0.00228026
1452  0 0.762382 2 0.230667 3 0.00540543 1 0.00154532
1453  0 0.668653 3 0.323176 2 0.00610857 1 0.00206227
1454  1 0.997619 2 0.00128333 3 0.000807956 0 0.000290061
1455  1 0.874582 2 0.123975 3 0.0012995 0 0.000143214
1456  1 0.974166 2 0.0246668 3 0.00091729 0 0.000250235
1457  1 0.997821 2 0.0010671 3 0.000822602 0 0.000289784
1458  1 0.998885 3 0.000852998 0 0.000262234
1459  2 0.805933 0 0.190763 3 0.00275397 1 0.000550221
1460  2 0.885968 1 0.0586493 0 0.051681 3 0.00370159
1461  1 0.621767 2 0.375973 3 0.00226053
1462  2 0.716281 1 0.273982 0 0.00630544 3 0.00343154
1463  2 0.7208 1 0.268758 0 0.0069088 3 0.00353288
1464  2 0.715844 1 0.275555 0 0.00524824 3 0.00335289
1465  1 0.61665 2 0.381147 3 0.00220377
1466  1 0.884089 2 0.114481 3 0.00129639 0 0.000133392
1467  1 0.894719 2 0.103853 3 0.00132347 0 0.000104224
1468  1 0.889422 2 0.109148 3 0.00130903 0 0.000120888
1469  1 0.980871 2 0.0179477 3 0.000933453 0 0.000247827
1470  1 0.998731 3 0.000851758 0 0.000288823 2 0.000127953
1471  1 0.895731 2 0.102828 3 0.00135462 0 8.56117e-005
1472  1 0.988472 2 0.0103256 3 0.000948889 0 0.000253504
1473  1 0.998832 3 0.000898245 0 0.00026947
1474  1 0.998531 3 0.000906359 2 0.000280811 0 0.000282018
1475  1 0.998854 3 0.000893046 0 0.000253435
1476  3 0.978326 0 0.0178455 2 0.0024408 1 0.0013877
1477  3 0.639755 0 0.357373 1 0.00169785 2 0.00117425
1478  3 0.877982 0 0.118524 2 0.0020104 1 0.00148361
1479  3 0.882517 0 0.114 2 0.00200798 1 0.00147502
1480  3 0.653592 0 0.343672 1 0.00167783 2 0.0010585
1481  0 0.563973 2 0.435052 3 0.000537169 1 0.000437754
1482  0 0.799146 2 0.19429 3 0.00487496 1 0.00168869
1483  0 0.791718 2 0.202494 3 0.00411011 1 0.0016772
1484  0 0.796675 2 0.197052 3 0.00458134 1 0.00169145
1485  0 0.546529 2 0.452824 1 0.000353823 3 0.000293428
1486  0 0.867424 3 0.0784971 2 0.051828 1 0.00225074
1487  0 0.696334 3 0.297488 2 0.00408856 1 0.00208919
1488  0 0.696331 3 0.297416 2 0.00415961 1 0.00209417
1489  0 0.785999 2 0.208425 3 0.00391268 1 0.00166352
1490  0 0.871928 3 0.0736063 2 0.0521812 1 0.00228474
1491  0 0.696254 3 0.29756 2 0.00408682 1 0.00209936
1492  0 0.691162 3 0.302418 2 0.0043243 1 0.00209627
1493  0 0.509319 2 0.490102 3 0.0004371 1 0.00014146
1494  0 0.778253 2 0.215696 3 0.00441938 1 0.00163227
1495  0 0.772373 2 0.221858 3 0.00417062 1 0.00159872
1496  2 0.539406 0 0.459985 3 0.000609018
1497  0 0.871686 3 0.0712407 2 0.0547845 1 0.00228845
1498  2 0.796323 0 0.200876 3 0.00280018
1499  2 0.772867 0 0.224236 3 0.00289619
1500  2 0.784909 0 0.21227 3 0.00282144
1501  2 0.884651 0 0.0586351 1 0.0528386 3 0.00387495
1502  2 0.724109 1 0.264512 0 0.00774218 3 0.0036366
1503  2 0.714001 0 0.279086 1 0.00414796 3 0.00276434
1504  2 0.718197 0 0.275421 1 0.0036637 3 0.00271821
1505  2 0.724397 1 0.260137 0 0.0115354 3 0.00393129
1506  2 0.858282 0 0.078445 1 0.0591212 3 0.00415149
1507  2 0.719261 1 0.263726 0 0.0130065 3 0.00400606
1508  2 0.73279 0 0.262849 3 0.00273571 1 0.00162507
1509  2 0.751613 0 0.245446 3 0.00277725 1 0.00016379
1510  2 0.873563 0 0.0680812 1 0.0543247 3 0.00403089
1511  1 0.608335 2 0.389133 3 0.00253197
1512  2 0.726758 1 0.258992 0 0.0104097 3 0.00384043
1513  2 0.723514 1 0.263333 0 0.00942449 3 0.00372894
1514  1 0.618578 2 0.379008 3 0.00241403
1515  1 0.87956 2 0.118907 3 0.00153293
1516  1 0.88567 2 0.112835 3 0.00146837 0 2.74668e-005
1517  1 0.992016 2 0.00674624 3 0.00098225 0 0.000255927
1518  1 0.998328 3 0.000926229 2 0.000465945 0 0.000279418
1519  1 0.890932 2 0.107601 3 0.00140931 0 5.80281e-005
1520  2 0.848651 0 0.0856219 1 0.0614802 3 0.00424677
1521  1 0.597098 2 0.399971 3 0.00293036
1522  2 0.71737 1 0.263594 0 0.0148784 3 0.0041573
1523  2 0.716598 1 0.264293 0 0.0150311 3 0.00407718
1524  1 0.602604 2 0.394677 3 0.00271889
1525  1 0.998573 3 0.00105453 0 0.000239439 2 0.000132962
1526  1 0.998743 3 0.00104873 0 0.000208696
1527  1 0.998722 3 0.00104221 0 0.000235713
1528  1 0.979781 2 0.0188622 3 0.00119728 0 0.000159094
1529  1 0.861911 2 0.136376 3 0.00171327
1530  1 0.864135 2 0.134194 3 0.00167177
1531  1 0.998758 3 0.00102546 0 0.000216725
1532  1 0.98229 2 0.0163834 3 0.0011273 0 0.000199793
1533  1 0.865295 2 0.133068 3 0.00163682
1534  1 0.865902 2 0.132493 3 0.00160545
1535  1 0.998734 3 0.000965363 0 0.000269532 2 3.1359e-005
1536  1 0.998554 3 0.000945513 0 0.000274681 2 0.000225863
1537  1 0.989009 2 0.00970641 3 0.00104476 0 0.000239562
#####################################################
