#####################################################
# (C) Songrun (songruner@gmail.com)
#
# Running time: 0.99 (s)
# Repeat      : 5
#
#####################################################
*BONEANIMATION, BONEINDEX=0, NFRAMES=1
0 0.41164 0.864775 0.287771 -0.283952 -0.178338 0.942186 0.866012 -0.469589 0.172124 0.237686 0.070603 -0.345427 0 0 0 1
#####################################################
*BONEANIMATION, BONEINDEX=1, NFRAMES=1
0 0.758982 0.15559 -0.632579 -0.605867 0.525977 -0.599259 0.239527 0.838077 0.493448 0.018212 -0.022824 0.284467 0 0 0 1
#####################################################
*BONEANIMATION, BONEINDEX=2, NFRAMES=1
0 0.99942 0.027533 -0.031765 0.026135 0.231081 0.974641 0.034199 -0.974905 0.230205 -0.029956 0.871713 -0.102057 0 0 0 1
#####################################################
*BONEANIMATION, BONEINDEX=3, NFRAMES=1
0 0.942148 -0.021093 -0.334348 0.020598 0.999242 -0.004248 0.333892 -0.002816 0.942047 -0.177438 0.001981 0.030823 0 0 0 1
#####################################################
*VERTEXWEIGHTS, NVERTICES=1538  #(vtx0Based bone0 w0 bone1 w1 ... )
0  0 0.0 1 0.998984 2 0.000931 3 8.5e-05
1  0 0.0 1 0.998969 2 0.000931 3 0.0001
2  0 0.0 1 0.998984 2 0.000931 3 8.5e-05
3  0 0.0 1 0.998977 2 0.000931 3 9.2e-05
4  0 0.999805 1 4.1e-05 2 0.000145 3 9e-06
5  0 0.999896 1 4e-05 2 5.4e-05 3 9e-06
6  0 0.999867 1 4e-05 2 8.3e-05 3 9e-06
7  0 0.999898 1 4e-05 2 5.2e-05 3 9e-06
8  0 2.6e-05 1 0.000157 2 0.507619 3 0.492198
9  0 0.999922 1 4e-05 2 2.9e-05 3 9e-06
10  0 0.000614 1 0.000668 2 0.51897 3 0.479749
11  0 0.0 1 0.998955 2 0.000931 3 0.000114
12  0 0.000384 1 0.000321 2 0.534224 3 0.46507
13  0 0.0 1 0.998941 2 0.000931 3 0.000128
14  0 0.0 1 0.998853 2 0.000931 3 0.000216
15  0 0.0 1 0.998933 2 0.000931 3 0.000136
16  0 0.0 1 0.998935 2 0.000931 3 0.000135
17  0 2.6e-05 1 0.000213 2 0.531026 3 0.468736
18  0 0.99993 1 4e-05 2 2e-05 3 9e-06
19  0 0.000172 1 0.000415 2 0.565234 3 0.434179
20  0 0.999911 1 4e-05 2 3.9e-05 3 9e-06
21  0 0.999911 1 4e-05 2 3.9e-05 3 9e-06
22  0 0.999903 1 4e-05 2 4.7e-05 3 9e-06
23  0 0.000623 1 0.000121 2 0.49258 3 0.506675
24  0 0.002269 1 0.00015 2 0.471883 3 0.525698
25  0 0.000155 1 5e-06 2 0.444542 3 0.555298
26  0 1.3e-05 1 0.609628 2 0.000568 3 0.389792
27  0 5.7e-05 1 0.000373 2 0.514275 3 0.485294
28  0 1.3e-05 1 0.596007 2 0.000526 3 0.403454
29  0 0.999926 1 4e-05 2 2.4e-05 3 9e-06
30  0 0.657961 1 0.000485 2 0.34154 3 1.3e-05
31  0 0.648718 1 0.000497 2 0.350775 3 1e-05
32  0 0.649329 1 0.000496 2 0.350161 3 1.3e-05
33  0 0.999928 1 4e-05 2 2.3e-05 3 9e-06
34  0 0.626022 1 0.000527 2 0.373438 3 1.3e-05
35  0 0.0 1 0.998983 2 0.000931 3 8.6e-05
36  0 1.3e-05 1 0.607961 2 0.000553 3 0.391473
37  0 1.4e-05 1 0.571638 2 0.000551 3 0.427797
38  0 1.3e-05 1 0.581227 2 0.000511 3 0.418249
39  0 0.0 1 0.998984 2 0.000931 3 8.5e-05
40  0 0.000215 1 0.00051 2 0.528331 3 0.470944
41  0 0.650806 1 0.000495 2 0.348686 3 1.3e-05
42  0 0.0 1 0.998964 2 0.000931 3 0.000104
43  0 0.0 1 0.998978 2 0.000931 3 9e-05
44  0 0.0 1 0.998984 2 0.000931 3 8.5e-05
45  0 0.0 1 0.998938 2 0.000931 3 0.000131
46  0 0.0 1 0.998984 2 0.000931 3 8.5e-05
47  0 0.0 1 0.998984 2 0.000931 3 8.5e-05
48  0 0.0 1 0.99898 2 0.000931 3 8.9e-05
49  0 0.0 1 0.998903 2 0.000931 3 0.000166
50  0 0.0 1 0.998984 2 0.000931 3 8.5e-05
51  0 0.0 1 0.998902 2 0.000931 3 0.000167
52  0 0.0 1 0.998987 2 0.000931 3 8.2e-05
53  0 0.0 1 0.998928 2 0.000931 3 0.000141
54  0 0.0 1 0.998984 2 0.000931 3 8.5e-05
55  0 0.0 1 0.998992 2 0.000931 3 7.6e-05
56  0 1.3e-05 1 0.591911 2 0.000571 3 0.407505
57  0 5.1e-05 1 0.000296 2 0.53937 3 0.460283
58  0 0.99993 1 4e-05 2 2e-05 3 9e-06
59  0 0.682246 1 0.000454 2 0.317283 3 1.7e-05
60  0 0.658654 1 0.000485 2 0.340843 3 1.9e-05
61  0 0.659744 1 0.000483 2 0.33976 3 1.3e-05
62  0 0.999929 1 4e-05 2 2.1e-05 3 9e-06
63  0 1.2e-05 1 0.616547 2 0.000738 3 0.382703
64  0 1.3e-05 1 0.596936 2 0.001128 3 0.401923
65  0 1.3e-05 1 0.600886 2 0.000623 3 0.398478
66  0 2.5e-05 1 0.000284 2 0.56029 3 0.439401
67  0 0.64187 1 0.000506 2 0.357491 3 0.000133
68  0 0.999869 1 4e-05 2 8.1e-05 3 9e-06
69  0 0.999925 1 4e-05 2 2.5e-05 3 9e-06
70  0 0.9999 1 4e-05 2 5e-05 3 9e-06
71  0 0.999913 1 4e-05 2 3.7e-05 3 9e-06
72  0 0.99993 1 4e-05 2 2e-05 3 9e-06
73  0 0.999922 1 4e-05 2 2.9e-05 3 9e-06
74  0 0.99993 1 4e-05 2 2e-05 3 9e-06
75  0 0.99993 1 4e-05 2 2e-05 3 9e-06
76  0 0.999928 1 4e-05 2 2.3e-05 3 9e-06
77  0 0.999927 1 4e-05 2 2.4e-05 3 9e-06
78  0 0.99993 1 4e-05 2 2e-05 3 9e-06
79  0 0.999913 1 4e-05 2 3.7e-05 3 9e-06
80  0 0.000363 1 0.000176 2 0.515519 3 0.483942
81  0 1.3e-05 1 0.601508 2 0.000539 3 0.39794
82  0 0.638147 1 0.000511 2 0.361329 3 1.3e-05
83  0 0.662398 1 0.000479 2 0.336947 3 0.000176
84  0 0.680605 1 0.000456 2 0.318926 3 1.3e-05
85  0 1.2e-05 1 0.622231 2 0.000552 3 0.377205
86  0 0.690811 1 0.000442 2 0.308626 3 0.000121
87  0 0.001495 1 0.000168 2 0.46436 3 0.533977
88  0 1.2e-05 1 0.617909 2 0.000548 3 0.381531
89  0 1.3e-05 1 0.608675 2 0.00058 3 0.390732
90  0 0.001204 1 0.000158 2 0.472609 3 0.526029
91  0 1.2e-05 1 0.614043 2 0.000544 3 0.385401
92  0 0.706064 1 0.000424 2 0.293141 3 0.000371
93  0 0.7134 1 0.000416 2 0.285242 3 0.000942
94  0 0.666312 1 0.000477 2 0.333109 3 0.000102
95  0 1.2e-05 1 0.620289 2 0.000757 3 0.378942
96  0 2.6e-05 1 0.000211 2 0.530283 3 0.46948
97  0 1.3e-05 1 0.602933 2 0.000898 3 0.396157
98  0 1e-06 1 0.969823 2 0.000902 3 0.029274
99  0 1.3e-05 1 0.600655 2 0.00053 3 0.398802
100  0 1e-06 1 0.968981 2 0.000901 3 0.030117
101  0 2.6e-05 1 0.000202 2 0.507599 3 0.492173
102  0 3e-05 1 0.066689 2 0.023605 3 0.909675
103  0 3e-05 1 0.058096 2 0.014741 3 0.927133
104  0 2.9e-05 1 0.074627 2 0.032109 3 0.893234
105  0 0.000126 1 0.000735 2 0.52184 3 0.4773
106  0 1.1e-05 1 0.074843 2 0.033354 3 0.891792
107  0 0.999906 1 4e-05 2 4.4e-05 3 9e-06
108  0 0.991757 1 5.1e-05 2 0.008183 3 9e-06
109  0 0.990205 1 5.3e-05 2 0.009733 3 9e-06
110  0 0.995405 1 4.6e-05 2 0.004539 3 9e-06
111  0 0.996577 1 4.5e-05 2 0.003369 3 9e-06
112  0 0.99993 1 4e-05 2 2e-05 3 9e-06
113  0 0.657076 1 0.000486 2 0.342424 3 1.3e-05
114  0 0.073908 1 0.001219 2 0.913842 3 0.011032
115  0 0.079745 1 0.001204 2 0.905129 3 0.013922
116  0 0.075047 1 0.001211 2 0.910336 3 0.013405
117  0 0.990836 1 5.2e-05 2 0.009102 3 1.1e-05
118  0 0.657194 1 0.000486 2 0.342303 3 1.7e-05
119  0 0.083921 1 0.001195 2 0.898045 3 0.016839
120  0 0.095811 1 0.001153 2 0.875588 3 0.027449
121  0 0.999924 1 4e-05 2 2.6e-05 3 9e-06
122  0 0.984614 1 6e-05 2 0.015316 3 1e-05
123  0 0.975095 1 7.3e-05 2 0.024824 3 9e-06
124  0 0.978479 1 6.8e-05 2 0.021443 3 1e-05
125  0 0.99981 1 4.1e-05 2 0.00014 3 9e-06
126  0 0.631436 1 0.00052 2 0.368031 3 1.3e-05
127  0 0.097562 1 0.001147 2 0.873315 3 0.027975
128  0 0.0 1 0.998984 2 0.000931 3 8.5e-05
129  0 1e-06 1 0.973389 2 0.000905 3 0.025705
130  0 0.0 1 0.983699 2 0.000916 3 0.015385
131  0 1e-06 1 0.976958 2 0.000909 3 0.022132
132  0 0.0 1 0.998976 2 0.000931 3 9.3e-05
133  0 1.2e-05 1 0.613224 2 0.000698 3 0.386066
134  0 3e-05 1 0.053406 2 0.021978 3 0.924586
135  0 1e-06 1 0.971324 2 0.000903 3 0.027772
136  0 1e-06 1 0.972239 2 0.000904 3 0.026856
137  0 0.0 1 0.998984 2 0.000931 3 8.5e-05
138  0 2.9e-05 1 0.07226 2 0.051634 3 0.876077
139  0 1.4e-05 1 0.575214 2 0.000505 3 0.424268
140  0 2.9e-05 1 0.07117 2 0.052032 3 0.876768
141  0 1e-06 1 0.977745 2 0.00091 3 0.021345
142  0 1e-06 1 0.982324 2 0.000914 3 0.016761
143  0 0.0 1 0.998984 2 0.000931 3 8.5e-05
144  0 1.3e-05 1 0.597327 2 0.000529 3 0.402131
145  0 0.000225 1 0.000337 2 0.532249 3 0.46719
146  0 3.4e-05 1 0.062049 2 0.033641 3 0.904277
147  0 3e-05 1 0.056623 2 0.022703 3 0.920644
148  0 2.6e-05 1 0.000192 2 0.522234 3 0.477548
149  0 0.107754 1 0.001131 2 0.862216 3 0.028898
150  0 0.103256 1 0.001144 2 0.869663 3 0.025936
151  0 0.650642 1 0.000495 2 0.34885 3 1.3e-05
152  0 0.988206 1 5.6e-05 2 0.011729 3 1e-05
153  0 0.092077 1 0.001175 2 0.88732 3 0.019429
154  0 0.0 1 0.998984 2 0.000931 3 8.5e-05
155  0 0.0 1 0.998972 2 0.000931 3 9.7e-05
156  0 0.0 1 0.998977 2 0.000931 3 9.2e-05
157  0 0.0 1 0.998967 2 0.000931 3 0.000102
158  0 0.0 1 0.998975 2 0.000931 3 9.4e-05
159  0 0.0 1 0.998979 2 0.000931 3 9e-05
160  0 0.0 1 0.998983 2 0.000931 3 8.6e-05
161  0 0.0 1 0.998936 2 0.000931 3 0.000133
162  0 0.0 1 0.998965 2 0.000931 3 0.000104
163  0 0.0 1 0.998978 2 0.000931 3 9.1e-05
164  0 0.0 1 0.998963 2 0.000931 3 0.000106
165  0 0.0 1 0.998915 2 0.000931 3 0.000154
166  0 0.0 1 0.998416 2 0.000931 3 0.000653
167  0 0.0 1 0.998918 2 0.000931 3 0.000151
168  0 0.0 1 0.998925 2 0.000931 3 0.000144
169  0 0.0 1 0.99891 2 0.000931 3 0.000159
170  0 0.0 1 0.998963 2 0.000931 3 0.000105
171  0 0.0 1 0.998965 2 0.000931 3 0.000104
172  0 0.0 1 0.998968 2 0.000931 3 0.000101
173  0 0.0 1 0.998969 2 0.000931 3 0.0001
174  0 0.0 1 0.998972 2 0.000931 3 9.7e-05
175  0 0.0 1 0.998907 2 0.000931 3 0.000162
176  0 0.0 1 0.998993 2 0.000931 3 7.6e-05
177  0 0.0 1 0.998984 2 0.000931 3 8.5e-05
178  0 0.0 1 0.998951 2 0.000931 3 0.000117
179  0 0.0 1 0.998972 2 0.000931 3 9.7e-05
180  0 0.0 1 0.998945 2 0.000931 3 0.000124
181  0 0.0 1 0.99898 2 0.000931 3 8.9e-05
182  0 0.0 1 0.998979 2 0.000931 3 9e-05
183  0 0.0 1 0.998984 2 0.000931 3 8.5e-05
184  0 0.0 1 0.998881 2 0.000931 3 0.000188
185  0 0.0 1 0.998974 2 0.000931 3 9.5e-05
186  0 0.0 1 0.998966 2 0.000931 3 0.000103
187  0 0.0 1 0.998863 2 0.000931 3 0.000206
188  0 0.0 1 0.998984 2 0.000931 3 8.5e-05
189  0 0.0 1 0.998984 2 0.000931 3 8.5e-05
190  0 0.0 1 0.998986 2 0.000931 3 8.3e-05
191  0 0.0 1 0.998981 2 0.000931 3 8.8e-05
192  0 0.0 1 0.998984 2 0.000931 3 8.5e-05
193  0 0.0 1 0.998982 2 0.000931 3 8.7e-05
194  0 0.0 1 0.998983 2 0.000931 3 8.6e-05
195  0 0.0 1 0.998967 2 0.000931 3 0.000102
196  0 0.0 1 0.998984 2 0.000931 3 8.5e-05
197  0 0.0 1 0.998987 2 0.000931 3 8.2e-05
198  0 0.0 1 0.998984 2 0.000931 3 8.5e-05
199  0 0.0 1 0.998971 2 0.000931 3 9.8e-05
200  0 0.0 1 0.998897 2 0.000931 3 0.000172
201  0 0.0 1 0.998958 2 0.000931 3 0.000111
202  0 0.0 1 0.998979 2 0.000931 3 9e-05
203  0 0.0 1 0.998983 2 0.000931 3 8.6e-05
204  0 0.0 1 0.998984 2 0.000931 3 8.5e-05
205  0 0.0 1 0.998979 2 0.000931 3 9e-05
206  0 1e-06 1 0.971761 2 0.000904 3 0.027334
207  0 1.4e-05 1 0.575145 2 0.000505 3 0.424337
208  0 2.6e-05 1 0.00023 2 0.534926 3 0.464819
209  0 3e-05 1 0.063642 2 0.045958 3 0.890371
210  0 4e-05 1 0.054628 2 0.041155 3 0.904176
211  0 2.9e-05 1 0.069102 2 0.049984 3 0.880884
212  0 0.000218 1 0.000266 2 0.536269 3 0.463247
213  0 0.999798 1 4.1e-05 2 0.000152 3 9e-06
214  0 0.984383 1 6.1e-05 2 0.015545 3 1.2e-05
215  0 0.982784 1 6.3e-05 2 0.017143 3 1e-05
216  0 0.995638 1 4.6e-05 2 0.004303 3 1.3e-05
217  0 0.991318 1 5.2e-05 2 0.008618 3 1.3e-05
218  0 0.999929 1 4e-05 2 2.1e-05 3 9e-06
219  0 0.675014 1 0.000463 2 0.32451 3 1.3e-05
220  0 0.070967 1 0.001203 2 0.908692 3 0.019138
221  0 0.070669 1 0.001196 2 0.902048 3 0.026087
222  0 0.077489 1 0.001193 2 0.901554 3 0.019764
223  0 0.995052 1 4.7e-05 2 0.004889 3 1.2e-05
224  0 0.671897 1 0.000467 2 0.327623 3 1.3e-05
225  0 0.091448 1 0.001163 2 0.882874 3 0.024515
226  0 0.104311 1 0.001139 2 0.866829 3 0.027721
227  0 0.999928 1 4e-05 2 2.3e-05 3 9e-06
228  0 0.992335 1 5e-05 2 0.007605 3 1e-05
229  0 0.988906 1 5.5e-05 2 0.01103 3 9e-06
230  0 0.99993 1 4e-05 2 2e-05 3 9e-06
231  0 0.654071 1 0.00049 2 0.345426 3 1.3e-05
232  0 1e-06 1 0.978312 2 0.00091 3 0.020777
233  0 0.0 1 0.988554 2 0.00093 3 0.010515
234  0 0.0 1 0.984394 2 0.000916 3 0.014689
235  0 1.3e-05 1 0.603536 2 0.000533 3 0.395918
236  0 4.9e-05 1 0.047383 2 0.047926 3 0.904642
237  0 1e-06 1 0.979237 2 0.000911 3 0.019851
238  0 1e-06 1 0.980682 2 0.000922 3 0.018396
239  0 3.1e-05 1 0.060944 2 0.087856 3 0.851169
240  0 1.3e-05 1 0.598508 2 0.000856 3 0.400622
241  0 2.9e-05 1 0.06241 2 0.087518 3 0.850043
242  0 0.0 1 0.984552 2 0.000938 3 0.01451
243  0 0.0 1 0.987597 2 0.000939 3 0.011464
244  0 1.3e-05 1 0.607806 2 0.000537 3 0.391644
245  0 2.5e-05 1 0.0004 2 0.567743 3 0.431832
246  0 4e-05 1 0.056577 2 0.076289 3 0.867094
247  0 4.8e-05 1 0.047481 2 0.059414 3 0.893057
248  0 9.5e-05 1 0.000243 2 0.543165 3 0.456498
249  0 0.081804 1 0.001127 2 0.864887 3 0.052183
250  0 0.081653 1 0.001129 2 0.86712 3 0.050098
251  0 0.647254 1 0.000499 2 0.352105 3 0.000143
252  0 0.982206 1 6.3e-05 2 0.017719 3 1.1e-05
253  0 0.076325 1 0.001168 2 0.885506 3 0.037001
254  0 0.99993 1 4e-05 2 2e-05 3 9e-06
255  0 0.999927 1 4e-05 2 2.3e-05 3 9e-06
256  0 0.99989 1 4e-05 2 6e-05 3 9e-06
257  0 0.999916 1 4e-05 2 3.4e-05 3 9e-06
258  0 0.999909 1 4e-05 2 4.1e-05 3 9e-06
259  0 0.99989 1 4e-05 2 6.1e-05 3 9e-06
260  0 0.999916 1 4e-05 2 3.4e-05 3 9e-06
261  0 0.999922 1 4e-05 2 2.8e-05 3 9e-06
262  0 0.999926 1 4e-05 2 2.5e-05 3 9e-06
263  0 0.999927 1 4e-05 2 2.3e-05 3 9e-06
264  0 0.999922 1 4e-05 2 2.9e-05 3 9e-06
265  0 0.999898 1 4e-05 2 5.2e-05 3 9e-06
266  0 0.999868 1 4e-05 2 8.2e-05 3 9e-06
267  0 0.999927 1 4e-05 2 2.3e-05 3 9e-06
268  0 0.999905 1 4e-05 2 4.5e-05 3 9e-06
269  0 0.999876 1 4e-05 2 7.4e-05 3 9e-06
270  0 0.999897 1 4e-05 2 5.3e-05 3 9e-06
271  0 0.99993 1 4e-05 2 2e-05 3 9e-06
272  0 0.999911 1 4e-05 2 3.9e-05 3 9e-06
273  0 0.99993 1 4e-05 2 2e-05 3 9e-06
274  0 0.999919 1 4e-05 2 3.1e-05 3 9e-06
275  0 0.999914 1 4e-05 2 3.7e-05 3 9e-06
276  0 0.999927 1 4e-05 2 2.3e-05 3 9e-06
277  0 0.999825 1 4e-05 2 0.000125 3 9e-06
278  0 0.99992 1 4e-05 2 3e-05 3 9e-06
279  0 0.999921 1 4e-05 2 2.9e-05 3 9e-06
280  0 0.999916 1 4e-05 2 3.4e-05 3 9e-06
281  0 0.999926 1 4e-05 2 2.5e-05 3 9e-06
282  0 0.999918 1 4e-05 2 3.2e-05 3 9e-06
283  0 0.99989 1 4e-05 2 6e-05 3 9e-06
284  0 0.99992 1 4e-05 2 3.1e-05 3 9e-06
285  0 0.999925 1 4e-05 2 2.5e-05 3 9e-06
286  0 0.999922 1 4e-05 2 2.8e-05 3 9e-06
287  0 0.999921 1 4e-05 2 2.9e-05 3 9e-06
288  0 0.999919 1 4e-05 2 3.2e-05 3 9e-06
289  0 0.99993 1 4e-05 2 2e-05 3 9e-06
290  0 0.999926 1 4e-05 2 2.5e-05 3 9e-06
291  0 0.99993 1 4e-05 2 2e-05 3 9e-06
292  0 0.99993 1 4e-05 2 2e-05 3 9e-06
293  0 0.999914 1 4e-05 2 3.6e-05 3 9e-06
294  0 0.999928 1 4e-05 2 2.3e-05 3 9e-06
295  0 0.999925 1 4e-05 2 2.5e-05 3 9e-06
296  0 0.999904 1 4e-05 2 4.6e-05 3 9e-06
297  0 0.999894 1 4e-05 2 5.6e-05 3 9e-06
298  0 0.99993 1 4e-05 2 2e-05 3 9e-06
299  0 0.99993 1 4e-05 2 2e-05 3 9e-06
300  0 0.99991 1 4e-05 2 4e-05 3 9e-06
301  0 0.99993 1 4e-05 2 2e-05 3 9e-06
302  0 1.3e-05 1 0.597115 2 0.000528 3 0.402344
303  0 1e-06 1 0.969371 2 0.000901 3 0.029727
304  0 0.000875 1 0.000716 2 0.516563 3 0.481845
305  0 3e-05 1 0.073502 2 0.031823 3 0.894644
306  0 2.1e-05 1 0.065715 2 0.026356 3 0.907908
307  0 2.6e-05 1 0.000175 2 0.51525 3 0.484549
308  0 3.5e-05 1 0.060196 2 0.023206 3 0.916563
309  0 0.976444 1 7.1e-05 2 0.023474 3 1e-05
310  0 0.98019 1 6.6e-05 2 0.019722 3 2.2e-05
311  0 0.97774 1 6.9e-05 2 0.022175 3 1.6e-05
312  0 0.628297 1 0.000524 2 0.371166 3 1.3e-05
313  0 0.09902 1 0.00115 2 0.873525 3 0.026305
314  0 0.098425 1 0.001166 2 0.880407 3 0.020003
315  0 0.981128 1 6.5e-05 2 0.018788 3 2e-05
316  0 0.650942 1 0.000494 2 0.348449 3 0.000114
317  0 0.098384 1 0.001176 2 0.885178 3 0.015262
318  0 0.102331 1 0.001156 2 0.874829 3 0.021685
319  0 0.981278 1 6.5e-05 2 0.018648 3 1e-05
320  0 0.980354 1 6.6e-05 2 0.01957 3 1e-05
321  0 0.979767 1 6.7e-05 2 0.020157 3 1e-05
322  0 0.67023 1 0.000469 2 0.329216 3 8.6e-05
323  0 0.114372 1 0.001107 2 0.848296 3 0.036225
324  0 1e-06 1 0.97112 2 0.000903 3 0.027976
325  0 3.6e-05 1 0.055398 2 0.024251 3 0.920314
326  0 1.2e-05 1 0.612068 2 0.000542 3 0.387378
327  0 1e-06 1 0.971647 2 0.000905 3 0.027447
328  0 1e-06 1 0.972732 2 0.000909 3 0.026358
329  0 0.980003 1 6.6e-05 2 0.019921 3 1e-05
330  0 0.688086 1 0.000446 2 0.311357 3 0.000111
331  0 0.001975 1 7.1e-05 2 0.470977 3 0.526978
332  0 0.136786 1 0.001039 2 0.804617 3 0.057559
333  0 0.139547 1 0.001025 2 0.796459 3 0.062969
334  0 0.128566 1 0.001071 2 0.824061 3 0.046301
335  0 0.001211 1 5.1e-05 2 0.463042 3 0.535697
336  0 3.2e-05 1 0.060177 2 0.030847 3 0.908944
337  0 2.9e-05 1 0.076163 2 0.044135 3 0.879673
338  0 3e-05 1 0.068762 2 0.038141 3 0.893068
339  0 1.2e-05 1 0.624573 2 0.000554 3 0.374861
340  0 1e-06 1 0.97172 2 0.000908 3 0.027371
341  0 2.9e-05 1 0.078662 2 0.046541 3 0.874768
342  0 1.2e-05 1 0.612389 2 0.000722 3 0.386876
343  0 1e-06 1 0.968948 2 0.000902 3 0.030149
344  0 1e-06 1 0.968528 2 0.0009 3 0.03057
345  0 1e-06 1 0.968214 2 0.000902 3 0.030883
346  0 1.3e-05 1 0.610365 2 0.00054 3 0.389082
347  0 1e-06 1 0.971401 2 0.000903 3 0.027695
348  0 0.001982 1 7.6e-05 2 0.473123 3 0.524819
349  0 2.9e-05 1 0.076031 2 0.046891 3 0.877049
350  0 3.4e-05 1 0.069996 2 0.047592 3 0.882378
351  0 0.00069 1 1.5e-05 2 0.448479 3 0.550816
352  0 3.5e-05 1 0.060385 2 0.049507 3 0.890072
353  0 0.981486 1 6.4e-05 2 0.01844 3 1e-05
354  0 0.987478 1 5.7e-05 2 0.012455 3 1e-05
355  0 0.984021 1 6.1e-05 2 0.015908 3 1e-05
356  0 0.696296 1 0.000435 2 0.303095 3 0.000174
357  0 0.136708 1 0.001033 2 0.797542 3 0.064716
358  0 0.122681 1 0.001075 2 0.813589 3 0.062654
359  0 0.990697 1 5.2e-05 2 0.009241 3 1e-05
360  0 0.712192 1 0.000417 2 0.286209 3 0.001182
361  0 0.10152 1 0.001119 2 0.834987 3 0.062374
362  0 0.076723 1 0.001167 2 0.864884 3 0.057226
363  0 0.991665 1 5.1e-05 2 0.008276 3 8e-06
364  0 0.982495 1 6.3e-05 2 0.017432 3 1e-05
365  0 0.98657 1 5.8e-05 2 0.013363 3 9e-06
366  0 0.693147 1 0.000443 2 0.306186 3 0.000224
367  0 0.073957 1 0.001167 2 0.869587 3 0.055289
368  0 1e-06 1 0.977228 2 0.000909 3 0.021863
369  0 3.2e-05 1 0.055506 2 0.055132 3 0.88933
370  0 1.2e-05 1 0.621143 2 0.000551 3 0.378294
371  0 0.0 1 0.984685 2 0.00092 3 0.014395
372  0 0.0 1 0.99002 2 0.000934 3 0.009046
373  0 0.648985 1 0.000498 2 0.35029 3 0.000227
374  0 2.5e-05 1 0.000328 2 0.556567 3 0.44308
375  0 0.078236 1 0.001139 2 0.867651 3 0.052974
376  0 0.075182 1 0.001154 2 0.869789 3 0.053875
377  0 2.6e-05 1 0.000115 2 0.483134 3 0.516725
378  0 3e-05 1 0.054665 2 0.064703 3 0.880602
379  0 2.9e-05 1 0.062885 2 0.084439 3 0.852647
380  0 2.9e-05 1 0.058546 2 0.07489 3 0.866534
381  0 1.2e-05 1 0.613668 2 0.000653 3 0.385666
382  0 0.0 1 0.991144 2 0.000943 3 0.007913
383  0 1.3e-05 1 0.600173 2 0.001094 3 0.39872
384  0 1e-06 1 0.980723 2 0.000919 3 0.018357
385  0 0.0 1 0.986648 2 0.000937 3 0.012414
386  0 0.0 1 0.998539 2 0.000931 3 0.00053
387  0 1e-06 1 0.969493 2 0.000901 3 0.029605
388  0 0.0 1 0.998268 2 0.00093 3 0.000801
389  0 1.3e-05 1 0.603107 2 0.000533 3 0.396348
390  0 4e-06 1 0.861463 2 0.000791 3 0.137742
391  0 4e-06 1 0.868557 2 0.000797 3 0.130641
392  0 5e-06 1 0.856036 2 0.000786 3 0.143173
393  0 1.3e-05 1 0.597197 2 0.000533 3 0.402257
394  0 5e-06 1 0.854983 2 0.000785 3 0.144227
395  0 0.00019 1 0.000137 2 0.499455 3 0.500218
396  0 3e-05 1 0.003478 2 0.158377 3 0.838115
397  0 3e-05 1 0.002499 2 0.158391 3 0.83908
398  0 3e-05 1 0.005617 2 0.16672 3 0.827634
399  0 3e-05 1 0.004657 2 0.15917 3 0.836143
400  0 2.6e-05 1 0.000227 2 0.510751 3 0.488996
401  0 3e-05 1 0.062602 2 0.018605 3 0.918762
402  0 2.4e-05 1 0.260924 2 0.000917 3 0.738135
403  0 2.4e-05 1 0.254842 2 0.001192 3 0.743941
404  0 2.4e-05 1 0.265303 2 0.00082 3 0.733853
405  0 3e-05 1 0.005917 2 0.174384 3 0.819669
406  0 2.9e-05 1 0.072737 2 0.029329 3 0.897905
407  0 2.4e-05 1 0.269025 2 0.000422 3 0.730529
408  0 2.4e-05 1 0.268998 2 0.000538 3 0.730441
409  0 2.6e-05 1 0.000472 2 0.518406 3 0.481096
410  0 4.6e-05 1 0.006712 2 0.18356 3 0.809681
411  0 0.000147 1 0.006932 2 0.185035 3 0.807886
412  0 3e-05 1 0.006802 2 0.184862 3 0.808307
413  0 0.000436 1 0.000658 2 0.519643 3 0.479264
414  0 2.9e-05 1 0.074741 2 0.033662 3 0.891568
415  0 2.3e-05 1 0.269109 2 0.000408 3 0.73046
416  0 0.999855 1 4e-05 2 9.5e-05 3 9e-06
417  0 0.99993 1 4e-05 2 2e-05 3 9e-06
418  0 0.999695 1 4.1e-05 2 0.000255 3 9e-06
419  0 0.999894 1 4e-05 2 5.6e-05 3 9e-06
420  0 0.99991 1 4e-05 2 4e-05 3 9e-06
421  0 0.99993 1 4e-05 2 2.1e-05 3 9e-06
422  0 0.991554 1 5.1e-05 2 0.008385 3 9e-06
423  0 0.904404 1 0.000165 2 0.095421 3 1e-05
424  0 0.902861 1 0.000167 2 0.096962 3 1e-05
425  0 0.99993 1 4e-05 2 2e-05 3 9e-06
426  0 0.99993 1 4e-05 2 2e-05 3 9e-06
427  0 0.99993 1 4e-05 2 2e-05 3 9e-06
428  0 0.911527 1 0.000155 2 0.088307 3 1.1e-05
429  0 0.997017 1 4.4e-05 2 0.00293 3 9e-06
430  0 0.910546 1 0.000157 2 0.089286 3 1e-05
431  0 0.99993 1 4e-05 2 2e-05 3 9e-06
432  0 0.99993 1 4e-05 2 2e-05 3 9e-06
433  0 0.999929 1 4e-05 2 2.1e-05 3 9e-06
434  0 0.993419 1 4.9e-05 2 0.006523 3 9e-06
435  0 0.663586 1 0.000478 2 0.335902 3 3.4e-05
436  0 0.907638 1 0.00016 2 0.092191 3 1e-05
437  0 0.904434 1 0.000165 2 0.095392 3 9e-06
438  0 0.648091 1 0.000498 2 0.351402 3 8e-06
439  0 0.288363 1 0.000966 2 0.710464 3 0.000207
440  0 0.296139 1 0.000955 2 0.702638 3 0.000268
441  0 0.007639 1 0.001002 2 0.854481 3 0.136878
442  0 0.078805 1 0.001207 2 0.906869 3 0.013119
443  0 0.006479 1 0.000999 2 0.85264 3 0.139882
444  0 0.305119 1 0.000943 2 0.693603 3 0.000335
445  0 0.314526 1 0.000931 2 0.684193 3 0.00035
446  0 0.006599 1 0.000998 2 0.85026 3 0.142143
447  0 0.282563 1 0.000974 2 0.716447 3 1.7e-05
448  0 0.072711 1 0.001221 2 0.91531 3 0.010758
449  0 0.006794 1 0.000987 2 0.842833 3 0.149385
450  0 0.007529 1 0.000978 2 0.837136 3 0.154357
451  0 0.999877 1 4e-05 2 7.3e-05 3 9e-06
452  0 0.992266 1 5e-05 2 0.007674 3 1e-05
453  0 0.65756 1 0.000486 2 0.341941 3 1.3e-05
454  0 0.904187 1 0.000165 2 0.095636 3 1.2e-05
455  0 0.898894 1 0.000172 2 0.100923 3 1.1e-05
456  0 0.907671 1 0.00016 2 0.092158 3 1e-05
457  0 0.656237 1 0.000488 2 0.343263 3 1.3e-05
458  0 0.284366 1 0.000971 2 0.714645 3 1.7e-05
459  0 0.29045 1 0.000963 2 0.708569 3 1.7e-05
460  0 0.287108 1 0.000968 2 0.711907 3 1.7e-05
461  0 0.079045 1 0.001206 2 0.905678 3 0.01407
462  0 0.008061 1 0.000982 2 0.834306 3 0.156651
463  0 0.297936 1 0.000953 2 0.700981 3 0.000129
464  0 0.089783 1 0.001177 2 0.887774 3 0.021265
465  0 0.010477 1 0.000932 2 0.824246 3 0.164345
466  0 0.01106 1 0.000929 2 0.822017 3 0.165994
467  0 0.010156 1 0.000952 2 0.827154 3 0.161738
468  0 0.999915 1 4e-05 2 3.5e-05 3 9e-06
469  0 0.999926 1 4e-05 2 2.4e-05 3 9e-06
470  0 0.99993 1 4e-05 2 2e-05 3 9e-06
471  0 0.99993 1 4e-05 2 2e-05 3 9e-06
472  0 0.999926 1 4e-05 2 2.4e-05 3 9e-06
473  0 0.988504 1 5.5e-05 2 0.011431 3 1e-05
474  0 0.892634 1 0.00018 2 0.107175 3 1.1e-05
475  0 0.998995 1 4.2e-05 2 0.000954 3 9e-06
476  0 0.998904 1 4.2e-05 2 0.001045 3 9e-06
477  0 0.999813 1 4.1e-05 2 0.000137 3 9e-06
478  0 0.87487 1 0.000203 2 0.124917 3 1.1e-05
479  0 0.976412 1 7.1e-05 2 0.023508 3 1e-05
480  0 0.873926 1 0.000204 2 0.125859 3 1.1e-05
481  0 0.999206 1 4.1e-05 2 0.000744 3 9e-06
482  0 0.999733 1 4.1e-05 2 0.000217 3 9e-06
483  0 0.999898 1 4e-05 2 5.2e-05 3 9e-06
484  0 0.981835 1 6.4e-05 2 0.018091 3 1e-05
485  0 0.627399 1 0.000525 2 0.372051 3 2.5e-05
486  0 0.879556 1 0.000197 2 0.120234 3 1.3e-05
487  0 0.886241 1 0.000188 2 0.113558 3 1.3e-05
488  0 0.640155 1 0.000508 2 0.359324 3 1.3e-05
489  0 0.310113 1 0.000935 2 0.687699 3 0.001253
490  0 0.307546 1 0.000938 2 0.69028 3 0.001236
491  0 0.097146 1 0.001149 2 0.873794 3 0.027911
492  0 0.011483 1 0.000926 2 0.82107 3 0.166521
493  0 0.303467 1 0.000945 2 0.695149 3 0.000439
494  0 0.0 1 0.998902 2 0.000931 3 0.000167
495  0 0.0 1 0.998984 2 0.000931 3 8.5e-05
496  0 0.0 1 0.998854 2 0.000931 3 0.000215
497  0 0.0 1 0.998787 2 0.000931 3 0.000282
498  0 0.0 1 0.998984 2 0.000931 3 8.5e-05
499  0 1e-06 1 0.971634 2 0.000904 3 0.027461
500  0 4e-06 1 0.875016 2 0.000804 3 0.124176
501  0 0.0 1 0.99879 2 0.000931 3 0.000279
502  0 0.0 1 0.998727 2 0.000931 3 0.000342
503  0 0.0 1 0.998984 2 0.000931 3 8.5e-05
504  0 4e-06 1 0.888808 2 0.000822 3 0.110367
505  0 1e-06 1 0.980555 2 0.000913 3 0.018532
506  0 3e-06 1 0.893155 2 0.000825 3 0.106017
507  0 0.0 1 0.998505 2 0.000931 3 0.000565
508  0 0.0 1 0.998798 2 0.000931 3 0.000271
509  0 0.0 1 0.998937 2 0.000931 3 0.000132
510  0 1e-06 1 0.975355 2 0.000907 3 0.023737
511  0 1.3e-05 1 0.608763 2 0.000601 3 0.390624
512  0 4e-06 1 0.887473 2 0.000818 3 0.111705
513  0 4e-06 1 0.882646 2 0.000813 3 0.116538
514  0 1.2e-05 1 0.612346 2 0.000655 3 0.386986
515  0 2.4e-05 1 0.247716 2 0.000285 3 0.751975
516  0 2.4e-05 1 0.251476 2 0.001272 3 0.747228
517  0 3e-05 1 0.056204 2 0.016841 3 0.926925
518  0 3.7e-05 1 0.001998 2 0.159179 3 0.838786
519  0 2.4e-05 1 0.251301 2 0.001821 3 0.746853
520  0 0.0 1 0.998377 2 0.00093 3 0.000693
521  0 0.0 1 0.998418 2 0.000931 3 0.000651
522  0 0.0 1 0.99898 2 0.000931 3 8.8e-05
523  0 5e-06 1 0.850463 2 0.000782 3 0.148751
524  0 1e-06 1 0.971733 2 0.000904 3 0.027362
525  0 5e-06 1 0.849783 2 0.000781 3 0.149431
526  0 0.0 1 0.998972 2 0.000931 3 9.6e-05
527  0 0.0 1 0.998881 2 0.000931 3 0.000188
528  0 0.0 1 0.99898 2 0.000931 3 8.9e-05
529  0 2.9e-05 1 0.005007 2 0.227804 3 0.76716
530  0 2.9e-05 1 0.071107 2 0.051559 3 0.877305
531  0 3e-05 1 0.005071 2 0.229274 3 0.765625
532  0 1.4e-05 1 0.57767 2 0.000507 3 0.421809
533  0 2.4e-05 1 0.255892 2 0.001622 3 0.742462
534  0 2.4e-05 1 0.252196 2 0.000675 3 0.747104
535  0 2.4e-05 1 0.259386 2 0.00272 3 0.73787
536  0 1.4e-05 1 0.571964 2 0.000535 3 0.427487
537  0 2.4e-05 1 0.260619 2 0.002977 3 0.73638
538  0 5e-06 1 0.854262 2 0.000785 3 0.144948
539  0 4e-06 1 0.864128 2 0.000795 3 0.135072
540  0 5e-06 1 0.858708 2 0.00079 3 0.140498
541  0 1e-06 1 0.973757 2 0.000906 3 0.025336
542  0 0.0 1 0.998984 2 0.000931 3 8.5e-05
543  0 4e-06 1 0.874533 2 0.000806 3 0.124657
544  0 1e-06 1 0.980902 2 0.000913 3 0.018185
545  0 0.0 1 0.998984 2 0.000931 3 8.5e-05
546  0 0.0 1 0.998984 2 0.000931 3 8.5e-05
547  0 0.0 1 0.998984 2 0.000931 3 8.5e-05
548  0 0.0 1 0.998806 2 0.000931 3 0.000263
549  0 0.0 1 0.998979 2 0.000931 3 9e-05
550  0 1e-06 1 0.98288 2 0.000915 3 0.016205
551  0 1.3e-05 1 0.589885 2 0.000519 3 0.409582
552  0 4e-06 1 0.884779 2 0.000816 3 0.114401
553  0 3e-06 1 0.890993 2 0.000822 3 0.108182
554  0 1.3e-05 1 0.604318 2 0.000534 3 0.395135
555  0 0.000333 1 0.000341 2 0.53383 3 0.465496
556  0 2.9e-05 1 0.00466 2 0.223335 3 0.771975
557  0 3e-05 1 0.003832 2 0.206941 3 0.789198
558  0 2.9e-05 1 0.004827 2 0.217636 3 0.777507
559  0 0.000104 1 0.00035 2 0.531248 3 0.468298
560  0 3.2e-05 1 0.06795 2 0.042213 3 0.889806
561  0 2.4e-05 1 0.250141 2 0.000504 3 0.749331
562  0 2.4e-05 1 0.243749 2 0.000194 3 0.756032
563  0 3.1e-05 1 0.00288 2 0.195173 3 0.801916
564  0 3.3e-05 1 0.058258 2 0.027022 3 0.914687
565  0 2.4e-05 1 0.24053 2 0.000605 3 0.758841
566  0 2.4e-05 1 0.242929 2 0.00017 3 0.756877
567  0 0.000197 1 0.000193 2 0.522593 3 0.477016
568  0 3e-05 1 0.0021 2 0.183964 3 0.813907
569  0 3.7e-05 1 0.001412 2 0.1685 3 0.830051
570  0 4.7e-05 1 0.000182 2 0.517968 3 0.481803
571  0 3e-05 1 0.053155 2 0.019608 3 0.927207
572  0 0.017097 1 0.00091 2 0.812129 3 0.169864
573  0 0.016727 1 0.000912 2 0.81304 3 0.169322
574  0 0.336986 1 0.000902 2 0.661935 3 0.000177
575  0 0.106903 1 0.001134 2 0.863684 3 0.028279
576  0 0.337418 1 0.000902 2 0.661486 3 0.000194
577  0 0.015355 1 0.000931 2 0.818934 3 0.16478
578  0 0.014443 1 0.000935 2 0.823299 3 0.161323
579  0 0.98856 1 5.5e-05 2 0.011375 3 1e-05
580  0 0.999354 1 4.1e-05 2 0.000596 3 9e-06
581  0 0.650841 1 0.000494 2 0.348652 3 1.3e-05
582  0 0.900385 1 0.00017 2 0.099435 3 1e-05
583  0 0.897944 1 0.000173 2 0.101873 3 1e-05
584  0 0.65094 1 0.000494 2 0.348553 3 1.3e-05
585  0 0.896676 1 0.000175 2 0.103139 3 1e-05
586  0 0.335312 1 0.000905 2 0.663653 3 0.00013
587  0 0.324891 1 0.000918 2 0.67401 3 0.000181
588  0 0.331054 1 0.00091 2 0.668019 3 1.7e-05
589  0 0.098217 1 0.001158 2 0.877502 3 0.023124
590  0 0.011079 1 0.000956 2 0.832421 3 0.155545
591  0 0.083215 1 0.001195 2 0.899742 3 0.015848
592  0 0.00946 1 0.000981 2 0.844496 3 0.145064
593  0 0.009469 1 0.000969 2 0.83992 3 0.149642
594  0 0.0 1 0.998982 2 0.000931 3 8.6e-05
595  0 0.0 1 0.998984 2 0.000931 3 8.5e-05
596  0 0.0 1 0.998956 2 0.000931 3 0.000113
597  0 0.0 1 0.998982 2 0.000931 3 8.7e-05
598  0 0.0 1 0.998984 2 0.000931 3 8.5e-05
599  0 0.0 1 0.99896 2 0.000931 3 0.000109
600  0 0.0 1 0.998976 2 0.000931 3 9.3e-05
601  0 0.0 1 0.998964 2 0.000931 3 0.000105
602  0 0.0 1 0.998978 2 0.000931 3 9.1e-05
603  0 0.0 1 0.998969 2 0.000931 3 0.0001
604  0 0.0 1 0.998974 2 0.000931 3 9.5e-05
605  0 0.0 1 0.998978 2 0.000931 3 9.1e-05
606  0 0.0 1 0.99898 2 0.000931 3 8.9e-05
607  0 0.0 1 0.998973 2 0.000931 3 9.6e-05
608  0 0.0 1 0.998961 2 0.000931 3 0.000108
609  0 0.0 1 0.998967 2 0.000931 3 0.000102
610  0 0.0 1 0.998972 2 0.000931 3 9.7e-05
611  0 0.0 1 0.998979 2 0.000931 3 9e-05
612  0 0.0 1 0.998974 2 0.000931 3 9.5e-05
613  0 0.0 1 0.998969 2 0.000931 3 0.0001
614  0 0.0 1 0.998984 2 0.000931 3 8.5e-05
615  0 0.0 1 0.998982 2 0.000931 3 8.6e-05
616  0 0.0 1 0.998984 2 0.000931 3 8.5e-05
617  0 0.0 1 0.998984 2 0.000931 3 8.5e-05
618  0 0.0 1 0.998984 2 0.000931 3 8.5e-05
619  0 0.0 1 0.998979 2 0.000931 3 9e-05
620  0 0.0 1 0.998984 2 0.000931 3 8.5e-05
621  0 0.0 1 0.998984 2 0.000931 3 8.5e-05
622  0 0.0 1 0.998978 2 0.000931 3 9.1e-05
623  0 0.0 1 0.998988 2 0.000931 3 8.1e-05
624  0 0.0 1 0.998984 2 0.000931 3 8.5e-05
625  0 0.0 1 0.998984 2 0.000931 3 8.5e-05
626  0 0.0 1 0.998978 2 0.000931 3 9.1e-05
627  0 0.0 1 0.998977 2 0.000931 3 9.2e-05
628  0 0.0 1 0.998984 2 0.000931 3 8.5e-05
629  0 0.0 1 0.998984 2 0.000931 3 8.5e-05
630  0 0.0 1 0.998903 2 0.000931 3 0.000166
631  0 0.0 1 0.998678 2 0.000931 3 0.000391
632  0 0.0 1 0.998909 2 0.000931 3 0.00016
633  0 0.0 1 0.998916 2 0.000931 3 0.000153
634  0 0.0 1 0.998932 2 0.000931 3 0.000137
635  0 0.0 1 0.998984 2 0.000931 3 8.5e-05
636  0 0.0 1 0.998865 2 0.000931 3 0.000204
637  0 0.0 1 0.998711 2 0.000931 3 0.000358
638  0 0.0 1 0.998909 2 0.000931 3 0.00016
639  0 0.0 1 0.998921 2 0.000931 3 0.000148
640  0 0.0 1 0.998905 2 0.000931 3 0.000164
641  0 0.0 1 0.998927 2 0.000931 3 0.000142
642  0 0.0 1 0.998939 2 0.000931 3 0.00013
643  0 0.0 1 0.998934 2 0.000931 3 0.000135
644  0 0.0 1 0.99892 2 0.000931 3 0.000149
645  0 0.0 1 0.998906 2 0.000931 3 0.000163
646  0 0.0 1 0.998912 2 0.000931 3 0.000157
647  0 0.0 1 0.998933 2 0.000931 3 0.000136
648  0 0.0 1 0.99892 2 0.000931 3 0.000149
649  0 0.0 1 0.998948 2 0.000931 3 0.000121
650  0 0.0 1 0.998957 2 0.000931 3 0.000112
651  0 0.0 1 0.998954 2 0.000931 3 0.000115
652  0 0.0 1 0.998949 2 0.000931 3 0.00012
653  0 0.0 1 0.99897 2 0.000931 3 9.8e-05
654  0 0.0 1 0.998977 2 0.000931 3 9.2e-05
655  0 0.0 1 0.998984 2 0.000931 3 8.5e-05
656  0 0.0 1 0.998945 2 0.000931 3 0.000124
657  0 0.0 1 0.998983 2 0.000931 3 8.6e-05
658  0 0.0 1 0.998965 2 0.000931 3 0.000104
659  0 0.0 1 0.998984 2 0.000931 3 8.4e-05
660  0 0.0 1 0.998951 2 0.000931 3 0.000118
661  0 0.0 1 0.998963 2 0.000931 3 0.000106
662  0 0.0 1 0.998967 2 0.000931 3 0.000102
663  0 0.0 1 0.998972 2 0.000931 3 9.7e-05
664  0 0.0 1 0.998974 2 0.000931 3 9.5e-05
665  0 0.0 1 0.998969 2 0.000931 3 0.0001
666  0 0.0 1 0.998978 2 0.000931 3 9.1e-05
667  0 0.0 1 0.998959 2 0.000931 3 0.00011
668  0 0.0 1 0.998972 2 0.000931 3 9.7e-05
669  0 0.0 1 0.998982 2 0.000931 3 8.7e-05
670  0 0.0 1 0.998984 2 0.000931 3 8.5e-05
671  0 0.0 1 0.998984 2 0.000931 3 8.5e-05
672  0 0.0 1 0.998841 2 0.000931 3 0.000228
673  0 0.0 1 0.998984 2 0.000931 3 8.5e-05
674  0 0.0 1 0.998993 2 0.000931 3 7.6e-05
675  0 0.0 1 0.998992 2 0.000931 3 7.6e-05
676  0 0.0 1 0.998984 2 0.000931 3 8.5e-05
677  0 0.0 1 0.998988 2 0.000931 3 8.1e-05
678  0 0.0 1 0.998988 2 0.000931 3 8.1e-05
679  0 0.0 1 0.998972 2 0.000931 3 9.7e-05
680  0 0.0 1 0.998973 2 0.000931 3 9.6e-05
681  0 0.0 1 0.998984 2 0.000931 3 8.5e-05
682  0 0.0 1 0.998982 2 0.000931 3 8.6e-05
683  0 0.0 1 0.998984 2 0.000931 3 8.5e-05
684  0 0.0 1 0.998984 2 0.000931 3 8.5e-05
685  0 0.0 1 0.99894 2 0.000931 3 0.000129
686  0 0.0 1 0.998984 2 0.000931 3 8.5e-05
687  0 0.0 1 0.998976 2 0.000931 3 9.3e-05
688  0 0.0 1 0.998984 2 0.000931 3 8.5e-05
689  0 0.0 1 0.998984 2 0.000931 3 8.5e-05
690  0 0.0 1 0.998974 2 0.000931 3 9.5e-05
691  0 0.0 1 0.998969 2 0.000931 3 0.0001
692  0 0.0 1 0.998978 2 0.000931 3 9.1e-05
693  0 0.0 1 0.998961 2 0.000931 3 0.000108
694  0 0.0 1 0.998979 2 0.000931 3 9e-05
695  0 0.0 1 0.998984 2 0.000931 3 8.5e-05
696  0 0.0 1 0.998959 2 0.000931 3 0.00011
697  0 0.0 1 0.998975 2 0.000931 3 9.4e-05
698  0 0.0 1 0.998984 2 0.000931 3 8.5e-05
699  0 0.0 1 0.998984 2 0.000931 3 8.5e-05
700  0 0.0 1 0.998976 2 0.000931 3 9.3e-05
701  0 0.0 1 0.998984 2 0.000931 3 8.5e-05
702  0 0.0 1 0.998957 2 0.000931 3 0.000112
703  0 0.0 1 0.998941 2 0.000931 3 0.000128
704  0 0.0 1 0.998972 2 0.000931 3 9.6e-05
705  0 0.0 1 0.998967 2 0.000931 3 0.000102
706  0 0.0 1 0.998974 2 0.000931 3 9.5e-05
707  0 0.0 1 0.998984 2 0.000931 3 8.5e-05
708  0 0.0 1 0.998953 2 0.000931 3 0.000116
709  0 0.0 1 0.998698 2 0.000931 3 0.000371
710  0 0.0 1 0.998976 2 0.000931 3 9.3e-05
711  0 0.0 1 0.998984 2 0.000931 3 8.5e-05
712  0 0.0 1 0.99898 2 0.000931 3 8.9e-05
713  0 0.0 1 0.998976 2 0.000931 3 9.3e-05
714  0 0.0 1 0.998965 2 0.000931 3 0.000104
715  0 0.0 1 0.998969 2 0.000931 3 9.9e-05
716  0 0.0 1 0.998974 2 0.000931 3 9.5e-05
717  0 0.0 1 0.998972 2 0.000931 3 9.6e-05
718  0 0.0 1 0.99895 2 0.000931 3 0.000119
719  0 0.0 1 0.998974 2 0.000931 3 9.5e-05
720  0 0.0 1 0.998926 2 0.000931 3 0.000143
721  0 0.0 1 0.998948 2 0.000931 3 0.000121
722  0 0.0 1 0.998984 2 0.000931 3 8.5e-05
723  0 0.0 1 0.998984 2 0.000931 3 8.5e-05
724  0 0.0 1 0.998944 2 0.000931 3 0.000125
725  0 0.0 1 0.998688 2 0.000931 3 0.000381
726  0 0.0 1 0.99898 2 0.000931 3 8.9e-05
727  0 0.0 1 0.998985 2 0.000931 3 8.4e-05
728  0 0.0 1 0.998984 2 0.000931 3 8.5e-05
729  0 0.0 1 0.998984 2 0.000931 3 8.5e-05
730  0 0.0 1 0.998981 2 0.000931 3 8.8e-05
731  0 0.0 1 0.998984 2 0.000931 3 8.5e-05
732  0 0.0 1 0.998988 2 0.000931 3 8.1e-05
733  0 0.0 1 0.998984 2 0.000931 3 8.5e-05
734  0 0.0 1 0.998984 2 0.000931 3 8.5e-05
735  0 0.0 1 0.998971 2 0.000931 3 9.8e-05
736  0 0.0 1 0.998951 2 0.000931 3 0.000117
737  0 0.0 1 0.998933 2 0.000931 3 0.000135
738  0 0.0 1 0.998983 2 0.000931 3 8.6e-05
739  0 0.0 1 0.998984 2 0.000931 3 8.5e-05
740  0 0.0 1 0.998984 2 0.000931 3 8.5e-05
741  0 0.0 1 0.998984 2 0.000931 3 8.5e-05
742  0 0.0 1 0.998984 2 0.000931 3 8.5e-05
743  0 0.0 1 0.998984 2 0.000931 3 8.5e-05
744  0 0.0 1 0.998978 2 0.000931 3 9.1e-05
745  0 0.0 1 0.998973 2 0.000931 3 9.5e-05
746  0 0.0 1 0.998984 2 0.000931 3 8.5e-05
747  0 0.0 1 0.998984 2 0.000931 3 8.5e-05
748  0 0.0 1 0.998984 2 0.000931 3 8.5e-05
749  0 0.0 1 0.998954 2 0.000931 3 0.000115
750  0 0.0 1 0.998984 2 0.000931 3 8.5e-05
751  0 0.0 1 0.998984 2 0.000931 3 8.5e-05
752  0 0.0 1 0.998984 2 0.000931 3 8.5e-05
753  0 0.0 1 0.998984 2 0.000931 3 8.5e-05
754  0 0.0 1 0.998984 2 0.000931 3 8.5e-05
755  0 0.0 1 0.998984 2 0.000931 3 8.5e-05
756  0 0.0 1 0.998984 2 0.000931 3 8.5e-05
757  0 0.0 1 0.998949 2 0.000931 3 0.00012
758  0 0.0 1 0.998974 2 0.000931 3 9.5e-05
759  0 0.0 1 0.998986 2 0.000931 3 8.3e-05
760  0 0.0 1 0.998984 2 0.000931 3 8.5e-05
761  0 0.0 1 0.998984 2 0.000931 3 8.5e-05
762  0 0.0 1 0.99899 2 0.000931 3 7.9e-05
763  0 0.0 1 0.99892 2 0.000931 3 0.000149
764  0 0.0 1 0.998984 2 0.000931 3 8.5e-05
765  0 0.0 1 0.998985 2 0.000931 3 8.4e-05
766  0 0.0 1 0.998977 2 0.000931 3 9.2e-05
767  0 0.0 1 0.998914 2 0.000931 3 0.000154
768  0 0.0 1 0.998915 2 0.000931 3 0.000154
769  0 0.0 1 0.998921 2 0.000931 3 0.000148
770  0 0.0 1 0.998904 2 0.000931 3 0.000165
771  0 0.0 1 0.998956 2 0.000931 3 0.000113
772  0 0.0 1 0.998901 2 0.000931 3 0.000167
773  0 0.0 1 0.998979 2 0.000931 3 9e-05
774  0 0.0 1 0.998978 2 0.000931 3 9e-05
775  0 0.0 1 0.998972 2 0.000931 3 9.7e-05
776  0 0.0 1 0.998984 2 0.000931 3 8.5e-05
777  0 0.0 1 0.998984 2 0.000931 3 8.5e-05
778  0 0.0 1 0.998984 2 0.000931 3 8.5e-05
779  0 0.0 1 0.998984 2 0.000931 3 8.5e-05
780  0 0.0 1 0.998921 2 0.000931 3 0.000148
781  0 0.0 1 0.998984 2 0.000931 3 8.5e-05
782  0 0.0 1 0.998982 2 0.000931 3 8.7e-05
783  0 0.0 1 0.998984 2 0.000931 3 8.5e-05
784  0 0.0 1 0.998987 2 0.000931 3 8.2e-05
785  0 0.0 1 0.998984 2 0.000931 3 8.5e-05
786  0 0.0 1 0.998978 2 0.000931 3 9.1e-05
787  0 0.0 1 0.998979 2 0.000931 3 9e-05
788  0 0.0 1 0.998984 2 0.000931 3 8.5e-05
789  0 0.0 1 0.998984 2 0.000931 3 8.5e-05
790  0 0.0 1 0.998984 2 0.000931 3 8.5e-05
791  0 0.0 1 0.998937 2 0.000931 3 0.000132
792  0 0.0 1 0.998903 2 0.000931 3 0.000166
793  0 0.0 1 0.998942 2 0.000931 3 0.000127
794  0 0.0 1 0.998435 2 0.000931 3 0.000634
795  0 1e-06 1 0.971578 2 0.000904 3 0.027518
796  0 1.3e-05 1 0.581094 2 0.000511 3 0.418381
797  0 5e-06 1 0.854963 2 0.000786 3 0.144246
798  0 4e-06 1 0.862236 2 0.000794 3 0.136966
799  0 5e-06 1 0.850788 2 0.000782 3 0.148425
800  0 1.4e-05 1 0.572083 2 0.000547 3 0.427356
801  0 0.000164 1 0.000213 2 0.531015 3 0.468608
802  0 5.7e-05 1 0.00205 2 0.222951 3 0.774942
803  0 7.2e-05 1 0.001877 2 0.222053 3 0.775998
804  0 2.9e-05 1 0.002732 2 0.227278 3 0.76996
805  0 4.1e-05 1 0.002408 2 0.223041 3 0.77451
806  0 0.000139 1 0.000224 2 0.535593 3 0.464044
807  0 3.4e-05 1 0.058185 2 0.041784 3 0.899997
808  0 2.4e-05 1 0.253964 2 0.002604 3 0.743408
809  0 2.4e-05 1 0.249129 2 0.002411 3 0.748436
810  0 2.4e-05 1 0.25805 2 0.002408 3 0.739518
811  0 2.9e-05 1 0.003358 2 0.227285 3 0.769328
812  0 2.9e-05 1 0.067474 2 0.047447 3 0.885049
813  0 2.4e-05 1 0.259939 2 0.002568 3 0.737468
814  0 2.4e-05 1 0.261043 2 0.002983 3 0.735951
815  0 0.000135 1 0.000244 2 0.537653 3 0.461968
816  0 2.9e-05 1 0.004175 2 0.228649 3 0.767147
817  0 3.3e-05 1 0.004849 2 0.229219 3 0.7659
818  0 0.000384 1 0.000303 2 0.534555 3 0.464757
819  0 2.9e-05 1 0.070487 2 0.051421 3 0.878063
820  0 0.99987 1 4e-05 2 8e-05 3 9e-06
821  0 0.999416 1 4.1e-05 2 0.000533 3 9e-06
822  0 0.999369 1 4.1e-05 2 0.00058 3 9e-06
823  0 0.999713 1 4.1e-05 2 0.000237 3 9e-06
824  0 0.999708 1 4.1e-05 2 0.000242 3 9e-06
825  0 0.999868 1 4e-05 2 8.2e-05 3 9e-06
826  0 0.983985 1 6.1e-05 2 0.015943 3 1.1e-05
827  0 0.89546 1 0.000176 2 0.104345 3 1.8e-05
828  0 0.890452 1 0.000183 2 0.109347 3 1.7e-05
829  0 0.999916 1 4e-05 2 3.4e-05 3 9e-06
830  0 0.99993 1 4e-05 2 2e-05 3 9e-06
831  0 0.99993 1 4e-05 2 2e-05 3 9e-06
832  0 0.913924 1 0.000152 2 0.085898 3 2.6e-05
833  0 0.994627 1 4.7e-05 2 0.005312 3 1.3e-05
834  0 0.916683 1 0.000149 2 0.083145 3 2.3e-05
835  0 0.99993 1 4e-05 2 2e-05 3 1e-05
836  0 0.999575 1 4.1e-05 2 0.000374 3 9e-06
837  0 0.999893 1 4e-05 2 5.7e-05 3 9e-06
838  0 0.986339 1 5.8e-05 2 0.013591 3 1.2e-05
839  0 0.678403 1 0.000459 2 0.321122 3 1.6e-05
840  0 0.907444 1 0.000161 2 0.09237 3 2.5e-05
841  0 0.897953 1 0.000173 2 0.101853 3 2.1e-05
842  0 0.667382 1 0.000473 2 0.332132 3 1.3e-05
843  0 0.313676 1 0.000933 2 0.685375 3 1.7e-05
844  0 0.314456 1 0.000932 2 0.684381 3 0.000232
845  0 0.004122 1 0.000975 2 0.841313 3 0.15359
846  0 0.069338 1 0.0012 2 0.906875 3 0.022587
847  0 0.004449 1 0.000983 2 0.845418 3 0.14915
848  0 0.311838 1 0.000936 2 0.686598 3 0.000628
849  0 0.309383 1 0.00094 2 0.688474 3 0.001204
850  0 0.006101 1 0.000973 2 0.84307 3 0.149856
851  0 0.319118 1 0.000925 2 0.679699 3 0.000258
852  0 0.074037 1 0.0012 2 0.906294 3 0.018469
853  0 0.008629 1 0.000967 2 0.839851 3 0.150552
854  0 0.012052 1 0.000961 2 0.835412 3 0.151575
855  0 0.999875 1 4e-05 2 7.5e-05 3 9e-06
856  0 0.994471 1 4.7e-05 2 0.005469 3 1.3e-05
857  0 0.667671 1 0.000472 2 0.33179 3 6.7e-05
858  0 0.911538 1 0.000155 2 0.088287 3 2e-05
859  0 0.904879 1 0.000164 2 0.094941 3 1.6e-05
860  0 0.915857 1 0.00015 2 0.083972 3 2.1e-05
861  0 0.677363 1 0.00046 2 0.322159 3 1.7e-05
862  0 0.326827 1 0.000915 2 0.671708 3 0.00055
863  0 0.331527 1 0.000909 2 0.667171 3 0.000393
864  0 0.330225 1 0.000909 2 0.667795 3 0.001071
865  0 0.083177 1 0.001178 2 0.89314 3 0.022505
866  0 0.013977 1 0.000942 2 0.826938 3 0.158143
867  0 0.333589 1 0.000907 2 0.665394 3 0.000111
868  0 0.100379 1 0.001146 2 0.871439 3 0.027037
869  0 0.015827 1 0.000922 2 0.81744 3 0.165811
870  0 0.017007 1 0.000912 2 0.812892 3 0.169188
871  0 0.014942 1 0.000932 2 0.822114 3 0.162013
872  0 0.999921 1 4e-05 2 2.9e-05 3 9e-06
873  0 0.99993 1 4e-05 2 2e-05 3 9e-06
874  0 0.999778 1 4.1e-05 2 0.000172 3 9e-06
875  0 0.99993 1 4e-05 2 2e-05 3 1e-05
876  0 0.99993 1 4e-05 2 2e-05 3 9e-06
877  0 0.994123 1 4.8e-05 2 0.005817 3 1.1e-05
878  0 0.902707 1 0.000167 2 0.097116 3 1e-05
879  0 0.999728 1 4.1e-05 2 0.000222 3 9e-06
880  0 0.999881 1 4e-05 2 6.9e-05 3 9e-06
881  0 0.897017 1 0.000174 2 0.102798 3 1e-05
882  0 0.988334 1 5.5e-05 2 0.011602 3 9e-06
883  0 0.999926 1 4e-05 2 2.4e-05 3 9e-06
884  0 0.999849 1 4e-05 2 0.000101 3 9e-06
885  0 0.999927 1 4e-05 2 2.3e-05 3 9e-06
886  0 0.990859 1 5.2e-05 2 0.009079 3 1e-05
887  0 0.652092 1 0.000493 2 0.347402 3 1.3e-05
888  0 0.898545 1 0.000172 2 0.101272 3 1e-05
889  0 0.901922 1 0.000168 2 0.097899 3 1e-05
890  0 0.656509 1 0.000487 2 0.342991 3 1.3e-05
891  0 0.337015 1 0.000902 2 0.661955 3 0.000128
892  0 0.107322 1 0.001132 2 0.862715 3 0.028831
893  0 0.335514 1 0.000905 2 0.663565 3 1.7e-05
894  0 0.0 1 0.998698 2 0.000931 3 0.000371
895  0 0.0 1 0.998512 2 0.000931 3 0.000557
896  0 0.0 1 0.998615 2 0.000931 3 0.000454
897  0 1e-06 1 0.975121 2 0.000907 3 0.023971
898  0 4e-06 1 0.868105 2 0.000799 3 0.131092
899  0 0.0 1 0.997156 2 0.00093 3 0.001913
900  0 0.0 1 0.998304 2 0.00093 3 0.000766
901  0 4e-06 1 0.88819 2 0.00082 3 0.110987
902  0 0.0 1 0.986171 2 0.000922 3 0.012907
903  0 3e-06 1 0.892235 2 0.000824 3 0.106938
904  0 0.0 1 0.998559 2 0.00093 3 0.000511
905  0 0.0 1 0.998458 2 0.00093 3 0.000612
906  0 1e-06 1 0.981921 2 0.000914 3 0.017165
907  0 1.3e-05 1 0.607954 2 0.000538 3 0.391496
908  0 4e-06 1 0.880963 2 0.000812 3 0.118221
909  0 4e-06 1 0.874785 2 0.000807 3 0.124404
910  0 1.3e-05 1 0.599314 2 0.000585 3 0.400089
911  0 2.6e-05 1 0.236377 2 0.003474 3 0.760123
912  0 2.5e-05 1 0.239538 2 0.002499 3 0.757939
913  0 4.5e-05 1 0.049873 2 0.045436 3 0.904646
914  0 8.8e-05 1 0.000353 2 0.214694 3 0.784866
915  0 2.4e-05 1 0.244661 2 0.002225 3 0.75309
916  0 0.0 1 0.998587 2 0.000931 3 0.000483
917  0 0.0 1 0.998525 2 0.000931 3 0.000544
918  0 4e-06 1 0.864207 2 0.000795 3 0.134993
919  0 1e-06 1 0.979399 2 0.000915 3 0.019686
920  0 4e-06 1 0.862779 2 0.000796 3 0.13642
921  0 0.0 1 0.998569 2 0.000931 3 0.0005
922  0 0.0 1 0.998384 2 0.000931 3 0.000685
923  0 2.9e-05 1 0.005367 2 0.282456 3 0.712149
924  0 2.9e-05 1 0.062396 2 0.087985 3 0.84959
925  0 2.9e-05 1 0.005268 2 0.282014 3 0.712689
926  0 1.3e-05 1 0.60006 2 0.000742 3 0.399185
927  0 2.4e-05 1 0.258312 2 0.013211 3 0.728453
928  0 2.4e-05 1 0.254678 2 0.011582 3 0.733716
929  0 2.4e-05 1 0.261197 2 0.014818 3 0.723961
930  0 1.3e-05 1 0.596357 2 0.001001 3 0.40263
931  0 2.4e-05 1 0.263621 2 0.015911 3 0.720444
932  0 4e-06 1 0.868214 2 0.0008 3 0.130982
933  0 4e-06 1 0.87734 2 0.000809 3 0.121847
934  0 4e-06 1 0.87127 2 0.000803 3 0.127923
935  0 1e-06 1 0.982003 2 0.000929 3 0.017067
936  0 0.0 1 0.998184 2 0.000932 3 0.000884
937  0 4e-06 1 0.884292 2 0.000816 3 0.114888
938  0 0.0 1 0.986835 2 0.000942 3 0.012223
939  0 0.0 1 0.996939 2 0.000931 3 0.002131
940  0 0.0 1 0.997277 2 0.000931 3 0.001792
941  0 0.0 1 0.997554 2 0.000931 3 0.001515
942  0 0.0 1 0.988986 2 0.000936 3 0.010078
943  0 1.3e-05 1 0.60491 2 0.0006 3 0.394477
944  0 4e-06 1 0.889704 2 0.000821 3 0.109471
945  0 3e-06 1 0.890992 2 0.000824 3 0.108181
946  0 1.2e-05 1 0.613922 2 0.000703 3 0.385363
947  0 0.000121 1 0.000323 2 0.566862 3 0.432694
948  0 3.6e-05 1 0.006676 2 0.283452 3 0.709836
949  0 5.4e-05 1 0.003506 2 0.259289 3 0.737151
950  0 4.6e-05 1 0.004135 2 0.270732 3 0.725086
951  0 2.5e-05 1 0.000335 2 0.567402 3 0.432238
952  0 3.5e-05 1 0.058973 2 0.082272 3 0.85872
953  0 2.5e-05 1 0.253879 2 0.011163 3 0.734933
954  0 2.5e-05 1 0.244426 2 0.009193 3 0.746356
955  0 6.3e-05 1 0.0021 2 0.242326 3 0.755511
956  0 4.4e-05 1 0.05192 2 0.068809 3 0.879228
957  0 2.6e-05 1 0.238797 2 0.006348 3 0.754829
958  0 2.6e-05 1 0.238475 2 0.004807 3 0.756692
959  0 2.5e-05 1 0.000296 2 0.550552 3 0.449126
960  0 7.1e-05 1 0.000895 2 0.232219 3 0.766815
961  0 8.1e-05 1 1.2e-05 2 0.220565 3 0.779342
962  0 2.6e-05 1 0.000228 2 0.537034 3 0.462713
963  0 5e-05 1 0.047066 2 0.053493 3 0.899392
964  0 0.006451 1 0.000869 2 0.798958 3 0.193722
965  0 0.006086 1 0.000872 2 0.801327 3 0.191715
966  0 0.299491 1 0.00095 2 0.695594 3 0.003964
967  0 0.082642 1 0.001123 2 0.864269 3 0.051965
968  0 0.299701 1 0.00095 2 0.694984 3 0.004365
969  0 0.005042 1 0.000889 2 0.806875 3 0.187194
970  0 0.004326 1 0.000908 2 0.814036 3 0.180731
971  0 0.982541 1 6.3e-05 2 0.017386 3 1e-05
972  0 0.999277 1 4.1e-05 2 0.000672 3 9e-06
973  0 0.652019 1 0.000493 2 0.347419 3 6.9e-05
974  0 0.885894 1 0.000189 2 0.113896 3 2.1e-05
975  0 0.881445 1 0.000195 2 0.11835 3 1.1e-05
976  0 0.642151 1 0.000506 2 0.357143 3 0.0002
977  0 0.881055 1 0.000195 2 0.118733 3 1.7e-05
978  0 0.299932 1 0.00095 2 0.695577 3 0.003541
979  0 0.302526 1 0.00095 2 0.695078 3 0.001446
980  0 0.299635 1 0.000952 2 0.696967 3 0.002445
981  0 0.07991 1 0.001142 2 0.872948 3 0.046
982  0 0.004335 1 0.000927 2 0.821361 3 0.173376
983  0 0.071083 1 0.001189 2 0.897142 3 0.030587
984  0 0.003185 1 0.000972 2 0.837604 3 0.15824
985  0 0.003079 1 0.000956 2 0.830537 3 0.165428
986  0 0.99993 1 4e-05 2 2e-05 3 9e-06
987  0 0.999842 1 4e-05 2 0.000108 3 9e-06
988  0 0.99993 1 4e-05 2 2e-05 3 9e-06
989  0 0.999923 1 4e-05 2 2.7e-05 3 9e-06
990  0 0.99993 1 4e-05 2 2e-05 3 9e-06
991  0 0.999928 1 4e-05 2 2.3e-05 3 9e-06
992  0 0.99993 1 4e-05 2 2e-05 3 9e-06
993  0 0.999907 1 4e-05 2 4.4e-05 3 9e-06
994  0 0.999906 1 4e-05 2 4.4e-05 3 9e-06
995  0 0.999891 1 4e-05 2 5.9e-05 3 9e-06
996  0 0.999898 1 4e-05 2 5.3e-05 3 9e-06
997  0 0.999877 1 4e-05 2 7.3e-05 3 9e-06
998  0 0.999921 1 4e-05 2 2.9e-05 3 9e-06
999  0 0.999925 1 4e-05 2 2.5e-05 3 9e-06
1000  0 0.999926 1 4e-05 2 2.4e-05 3 9e-06
1001  0 0.999893 1 4e-05 2 5.7e-05 3 9e-06
1002  0 0.999911 1 4e-05 2 3.9e-05 3 9e-06
1003  0 0.999922 1 4e-05 2 2.8e-05 3 9e-06
1004  0 0.99992 1 4e-05 2 3e-05 3 9e-06
1005  0 0.999877 1 4e-05 2 7.3e-05 3 9e-06
1006  0 0.999898 1 4e-05 2 5.2e-05 3 9e-06
1007  0 0.999914 1 4e-05 2 3.6e-05 3 9e-06
1008  0 0.999905 1 4e-05 2 4.5e-05 3 9e-06
1009  0 0.999902 1 4e-05 2 4.8e-05 3 9e-06
1010  0 0.999914 1 4e-05 2 3.6e-05 3 9e-06
1011  0 0.999921 1 4e-05 2 2.9e-05 3 9e-06
1012  0 0.99993 1 4e-05 2 2e-05 3 9e-06
1013  0 0.99993 1 4e-05 2 2e-05 3 9e-06
1014  0 0.999927 1 4e-05 2 2.3e-05 3 9e-06
1015  0 0.999919 1 4e-05 2 3.2e-05 3 9e-06
1016  0 0.99993 1 4e-05 2 2e-05 3 9e-06
1017  0 0.999922 1 4e-05 2 2.8e-05 3 9e-06
1018  0 0.999927 1 4e-05 2 2.3e-05 3 9e-06
1019  0 0.999918 1 4e-05 2 3.2e-05 3 9e-06
1020  0 0.999926 1 4e-05 2 2.4e-05 3 9e-06
1021  0 0.999915 1 4e-05 2 3.5e-05 3 9e-06
1022  0 0.99993 1 4e-05 2 2e-05 3 9e-06
1023  0 0.99993 1 4e-05 2 2e-05 3 9e-06
1024  0 0.999924 1 4e-05 2 2.6e-05 3 9e-06
1025  0 0.99991 1 4e-05 2 4e-05 3 9e-06
1026  0 0.999921 1 4e-05 2 2.9e-05 3 9e-06
1027  0 0.999926 1 4e-05 2 2.5e-05 3 9e-06
1028  0 0.99993 1 4e-05 2 2e-05 3 9e-06
1029  0 0.99989 1 4e-05 2 6e-05 3 9e-06
1030  0 0.999908 1 4e-05 2 4.3e-05 3 9e-06
1031  0 0.999912 1 4e-05 2 3.8e-05 3 9e-06
1032  0 0.999912 1 4e-05 2 3.9e-05 3 9e-06
1033  0 0.999923 1 4e-05 2 2.7e-05 3 9e-06
1034  0 0.999893 1 4e-05 2 5.7e-05 3 9e-06
1035  0 0.999881 1 4e-05 2 6.9e-05 3 9e-06
1036  0 0.999881 1 4e-05 2 6.9e-05 3 9e-06
1037  0 0.999876 1 4e-05 2 7.4e-05 3 9e-06
1038  0 0.999863 1 4e-05 2 8.7e-05 3 9e-06
1039  0 0.999929 1 4e-05 2 2.1e-05 3 9e-06
1040  0 0.999924 1 4e-05 2 2.6e-05 3 9e-06
1041  0 0.999913 1 4e-05 2 3.7e-05 3 9e-06
1042  0 0.999923 1 4e-05 2 2.7e-05 3 9e-06
1043  0 0.999923 1 4e-05 2 2.7e-05 3 9e-06
1044  0 0.999918 1 4e-05 2 3.2e-05 3 9e-06
1045  0 0.999899 1 4e-05 2 5.1e-05 3 9e-06
1046  0 0.999881 1 4e-05 2 6.9e-05 3 9e-06
1047  0 0.999894 1 4e-05 2 5.6e-05 3 9e-06
1048  0 0.999887 1 4e-05 2 6.4e-05 3 9e-06
1049  0 0.999869 1 4e-05 2 8.1e-05 3 9e-06
1050  0 0.999865 1 4e-05 2 8.5e-05 3 9e-06
1051  0 0.999901 1 4e-05 2 4.9e-05 3 9e-06
1052  0 0.999886 1 4e-05 2 6.4e-05 3 9e-06
1053  0 0.999892 1 4e-05 2 5.8e-05 3 9e-06
1054  0 0.999898 1 4e-05 2 5.2e-05 3 9e-06
1055  0 0.999879 1 4e-05 2 7.1e-05 3 9e-06
1056  0 0.999931 1 4e-05 2 2e-05 3 9e-06
1057  0 0.999927 1 4e-05 2 2.3e-05 3 9e-06
1058  0 0.99993 1 4e-05 2 2e-05 3 9e-06
1059  0 0.99993 1 4e-05 2 2e-05 3 9e-06
1060  0 0.999925 1 4e-05 2 2.5e-05 3 9e-06
1061  0 0.999891 1 4e-05 2 5.9e-05 3 9e-06
1062  0 0.99993 1 4e-05 2 2e-05 3 9e-06
1063  0 0.99993 1 4e-05 2 2e-05 3 9e-06
1064  0 0.999922 1 4e-05 2 2.8e-05 3 9e-06
1065  0 0.999925 1 4e-05 2 2.5e-05 3 9e-06
1066  0 0.999925 1 4e-05 2 2.5e-05 3 9e-06
1067  0 0.99993 1 4e-05 2 2e-05 3 9e-06
1068  0 0.99993 1 4e-05 2 2e-05 3 9e-06
1069  0 0.999925 1 4e-05 2 2.5e-05 3 9e-06
1070  0 0.99993 1 4e-05 2 2e-05 3 9e-06
1071  0 0.999926 1 4e-05 2 2.4e-05 3 9e-06
1072  0 0.999916 1 4e-05 2 3.4e-05 3 9e-06
1073  0 0.999918 1 4e-05 2 3.2e-05 3 9e-06
1074  0 0.999915 1 4e-05 2 3.6e-05 3 9e-06
1075  0 0.999907 1 4e-05 2 4.3e-05 3 9e-06
1076  0 0.999909 1 4e-05 2 4.1e-05 3 9e-06
1077  0 0.999909 1 4e-05 2 4.1e-05 3 9e-06
1078  0 0.99993 1 4e-05 2 2e-05 3 9e-06
1079  0 0.999819 1 4e-05 2 0.000131 3 9e-06
1080  0 0.999926 1 4e-05 2 2.4e-05 3 9e-06
1081  0 0.99993 1 4e-05 2 2e-05 3 9e-06
1082  0 0.999923 1 4e-05 2 2.7e-05 3 9e-06
1083  0 0.99993 1 4e-05 2 2e-05 3 9e-06
1084  0 0.999895 1 4e-05 2 5.5e-05 3 9e-06
1085  0 0.999919 1 4e-05 2 3.1e-05 3 9e-06
1086  0 0.999919 1 4e-05 2 3.1e-05 3 9e-06
1087  0 0.999921 1 4e-05 2 3e-05 3 9e-06
1088  0 0.999923 1 4e-05 2 2.8e-05 3 9e-06
1089  0 0.999923 1 4e-05 2 2.7e-05 3 9e-06
1090  0 0.999922 1 4e-05 2 2.8e-05 3 9e-06
1091  0 0.999923 1 4e-05 2 2.8e-05 3 9e-06
1092  0 0.999921 1 4e-05 2 2.9e-05 3 9e-06
1093  0 0.999917 1 4e-05 2 3.3e-05 3 9e-06
1094  0 0.999918 1 4e-05 2 3.3e-05 3 9e-06
1095  0 0.999921 1 4e-05 2 2.9e-05 3 9e-06
1096  0 0.999923 1 4e-05 2 2.7e-05 3 9e-06
1097  0 0.999924 1 4e-05 2 2.6e-05 3 9e-06
1098  0 0.999916 1 4e-05 2 3.4e-05 3 9e-06
1099  0 0.999904 1 4e-05 2 4.7e-05 3 9e-06
1100  0 0.999913 1 4e-05 2 3.7e-05 3 9e-06
1101  0 0.99993 1 4e-05 2 2e-05 3 9e-06
1102  0 0.999918 1 4e-05 2 3.2e-05 3 9e-06
1103  0 0.99992 1 4e-05 2 3e-05 3 9e-06
1104  0 0.999889 1 4e-05 2 6.1e-05 3 9e-06
1105  0 0.999882 1 4e-05 2 6.8e-05 3 9e-06
1106  0 0.999923 1 4e-05 2 2.7e-05 3 9e-06
1107  0 0.999907 1 4e-05 2 4.4e-05 3 9e-06
1108  0 0.999905 1 4e-05 2 4.5e-05 3 9e-06
1109  0 0.999915 1 4e-05 2 3.5e-05 3 9e-06
1110  0 0.999925 1 4e-05 2 2.5e-05 3 9e-06
1111  0 0.999921 1 4e-05 2 2.9e-05 3 9e-06
1112  0 0.999919 1 4e-05 2 3.1e-05 3 9e-06
1113  0 0.99993 1 4e-05 2 2e-05 3 9e-06
1114  0 0.999922 1 4e-05 2 2.8e-05 3 9e-06
1115  0 0.999921 1 4e-05 2 2.9e-05 3 9e-06
1116  0 0.999927 1 4e-05 2 2.3e-05 3 9e-06
1117  0 0.999923 1 4e-05 2 2.7e-05 3 9e-06
1118  0 0.999917 1 4e-05 2 3.3e-05 3 9e-06
1119  0 0.999912 1 4e-05 2 3.9e-05 3 9e-06
1120  0 0.99992 1 4e-05 2 3e-05 3 9e-06
1121  0 0.999922 1 4e-05 2 2.8e-05 3 9e-06
1122  0 0.999921 1 4e-05 2 2.9e-05 3 9e-06
1123  0 0.999923 1 4e-05 2 2.7e-05 3 9e-06
1124  0 0.999922 1 4e-05 2 2.8e-05 3 9e-06
1125  0 0.99993 1 4e-05 2 2e-05 3 9e-06
1126  0 0.999922 1 4e-05 2 2.8e-05 3 9e-06
1127  0 0.999921 1 4e-05 2 3e-05 3 9e-06
1128  0 0.999924 1 4e-05 2 2.6e-05 3 9e-06
1129  0 0.999916 1 4e-05 2 3.4e-05 3 9e-06
1130  0 0.999928 1 4e-05 2 2.2e-05 3 9e-06
1131  0 0.999931 1 4e-05 2 1.9e-05 3 9e-06
1132  0 0.99993 1 4e-05 2 2e-05 3 9e-06
1133  0 0.999923 1 4e-05 2 2.7e-05 3 9e-06
1134  0 0.99992 1 4e-05 2 3e-05 3 9e-06
1135  0 0.99993 1 4e-05 2 2e-05 3 9e-06
1136  0 0.99993 1 4e-05 2 2e-05 3 9e-06
1137  0 0.99993 1 4e-05 2 2.1e-05 3 9e-06
1138  0 0.99993 1 4e-05 2 2e-05 3 9e-06
1139  0 0.999929 1 4e-05 2 2.1e-05 3 9e-06
1140  0 0.99993 1 4e-05 2 2e-05 3 9e-06
1141  0 0.99993 1 4e-05 2 2e-05 3 9e-06
1142  0 0.999928 1 4e-05 2 2.2e-05 3 9e-06
1143  0 0.999919 1 4e-05 2 3.1e-05 3 9e-06
1144  0 0.999923 1 4e-05 2 2.7e-05 3 9e-06
1145  0 0.99992 1 4e-05 2 3e-05 3 9e-06
1146  0 0.999917 1 4e-05 2 3.3e-05 3 9e-06
1147  0 0.999917 1 4e-05 2 3.3e-05 3 9e-06
1148  0 0.999923 1 4e-05 2 2.7e-05 3 9e-06
1149  0 0.99993 1 4e-05 2 2e-05 3 1e-05
1150  0 0.999927 1 4e-05 2 2.3e-05 3 1e-05
1151  0 0.99993 1 4e-05 2 2.1e-05 3 1e-05
1152  0 0.999896 1 4e-05 2 5.4e-05 3 9e-06
1153  0 0.99993 1 4e-05 2 2e-05 3 9e-06
1154  0 0.99991 1 4e-05 2 4e-05 3 9e-06
1155  0 0.99993 1 4e-05 2 2e-05 3 9e-06
1156  0 0.99993 1 4e-05 2 2e-05 3 9e-06
1157  0 0.999927 1 4e-05 2 2.3e-05 3 9e-06
1158  0 0.999907 1 4e-05 2 4.3e-05 3 9e-06
1159  0 0.999885 1 4e-05 2 6.5e-05 3 9e-06
1160  0 0.999891 1 4e-05 2 5.9e-05 3 9e-06
1161  0 0.999903 1 4e-05 2 4.7e-05 3 9e-06
1162  0 0.999914 1 4e-05 2 3.6e-05 3 9e-06
1163  0 0.99993 1 4e-05 2 2e-05 3 9e-06
1164  0 0.999887 1 4e-05 2 6.3e-05 3 9e-06
1165  0 0.999926 1 4e-05 2 2.4e-05 3 9e-06
1166  0 0.999902 1 4e-05 2 4.9e-05 3 9e-06
1167  0 0.99993 1 4e-05 2 2e-05 3 9e-06
1168  0 0.999887 1 4e-05 2 6.3e-05 3 9e-06
1169  0 0.999916 1 4e-05 2 3.4e-05 3 9e-06
1170  0 0.999902 1 4e-05 2 4.9e-05 3 9e-06
1171  0 0.999884 1 4e-05 2 6.6e-05 3 9e-06
1172  0 0.99991 1 4e-05 2 4e-05 3 9e-06
1173  0 0.999927 1 4e-05 2 2.4e-05 3 9e-06
1174  0 0.999927 1 4e-05 2 2.3e-05 3 9e-06
1175  0 0.999929 1 4e-05 2 2.1e-05 3 9e-06
1176  0 0.99993 1 4e-05 2 2e-05 3 9e-06
1177  0 0.999922 1 4e-05 2 2.8e-05 3 9e-06
1178  0 1e-06 1 0.968823 2 0.000901 3 0.030275
1179  0 0.0 1 0.998198 2 0.00093 3 0.000871
1180  0 1.3e-05 1 0.595539 2 0.000525 3 0.403923
1181  0 5e-06 1 0.855658 2 0.000787 3 0.143551
1182  0 5e-06 1 0.858353 2 0.00079 3 0.140852
1183  0 1.3e-05 1 0.598921 2 0.000529 3 0.400537
1184  0 4e-06 1 0.861157 2 0.000792 3 0.138046
1185  0 0.000773 1 0.000687 2 0.517539 3 0.481001
1186  0 0.000159 1 0.006799 2 0.183766 3 0.809275
1187  0 3e-05 1 0.005131 2 0.175661 3 0.819178
1188  0 0.000157 1 0.006391 2 0.180756 3 0.812696
1189  0 0.000694 1 0.000292 2 0.511984 3 0.48703
1190  0 2.9e-05 1 0.074289 2 0.032379 3 0.893303
1191  0 2.3e-05 1 0.267978 2 0.000502 3 0.731497
1192  0 2.3e-05 1 0.266543 2 0.000194 3 0.733239
1193  0 3e-05 1 0.003857 2 0.170973 3 0.82514
1194  0 1.9e-05 1 0.070404 2 0.02814 3 0.901437
1195  0 2.4e-05 1 0.264022 2 0.000221 3 0.735734
1196  0 2.4e-05 1 0.260299 2 0.000438 3 0.739239
1197  0 2.6e-05 1 0.000203 2 0.520241 3 0.479529
1198  0 3e-05 1 0.002727 2 0.161492 3 0.835751
1199  0 3.7e-05 1 0.000966 2 0.149568 3 0.849429
1200  0 3e-05 1 0.001673 2 0.158019 3 0.840277
1201  0 0.00031 1 0.000154 2 0.506387 3 0.493149
1202  0 3e-05 1 0.062677 2 0.024598 3 0.912694
1203  0 2.5e-05 1 0.255087 2 0.000183 3 0.744706
1204  0 0.998987 1 4.2e-05 2 0.000962 3 9e-06
1205  0 0.999628 1 4.1e-05 2 0.000322 3 9e-06
1206  0 0.999552 1 4.1e-05 2 0.000398 3 9e-06
1207  0 0.976012 1 7.1e-05 2 0.023907 3 1e-05
1208  0 0.874137 1 0.000204 2 0.125648 3 1.1e-05
1209  0 0.99969 1 4.1e-05 2 0.000259 3 1e-05
1210  0 0.999902 1 4e-05 2 4.8e-05 3 9e-06
1211  0 0.877058 1 0.0002 2 0.122691 3 5.1e-05
1212  0 0.978229 1 6.9e-05 2 0.021684 3 1.9e-05
1213  0 0.879242 1 0.000197 2 0.120484 3 7.7e-05
1214  0 0.99972 1 4.1e-05 2 0.00023 3 9e-06
1215  0 0.99993 1 4e-05 2 2e-05 3 9e-06
1216  0 0.977331 1 7e-05 2 0.022589 3 1e-05
1217  0 0.632257 1 0.000519 2 0.367211 3 1.3e-05
1218  0 0.876154 1 0.000201 2 0.123613 3 3.2e-05
1219  0 0.875931 1 0.000202 2 0.123848 3 2e-05
1220  0 0.625863 1 0.000527 2 0.373589 3 2.2e-05
1221  0 0.310115 1 0.000937 2 0.688659 3 0.000288
1222  0 0.311318 1 0.000934 2 0.687024 3 0.000723
1223  0 0.097976 1 0.001147 2 0.873304 3 0.027572
1224  0 0.011372 1 0.000928 2 0.822115 3 0.165585
1225  0 0.310552 1 0.000934 2 0.68728 3 0.001234
1226  0 0.009908 1 0.001003 2 0.830433 3 0.158656
1227  0 0.312293 1 0.000934 2 0.686522 3 0.000251
1228  0 0.101218 1 0.001149 2 0.872624 3 0.025008
1229  0 0.009842 1 0.000956 2 0.834492 3 0.15471
1230  0 0.009967 1 0.000974 2 0.841839 3 0.14722
1231  0 0.999702 1 4.1e-05 2 0.000247 3 9e-06
1232  0 0.980755 1 6.5e-05 2 0.019157 3 2.3e-05
1233  0 0.657633 1 0.000485 2 0.341715 3 0.000166
1234  0 0.887767 1 0.000186 2 0.111936 3 0.000111
1235  0 0.889958 1 0.000183 2 0.109758 3 0.000101
1236  0 0.883813 1 0.000191 2 0.115892 3 0.000104
1237  0 0.645406 1 0.000501 2 0.354036 3 5.6e-05
1238  0 0.318459 1 0.000927 2 0.680597 3 1.7e-05
1239  0 0.326134 1 0.000917 2 0.672932 3 1.7e-05
1240  0 0.322219 1 0.000922 2 0.676842 3 1.7e-05
1241  0 0.096591 1 0.001175 2 0.885417 3 0.016817
1242  0 0.010063 1 0.000998 2 0.848942 3 0.139997
1243  0 0.33278 1 0.000908 2 0.666295 3 1.7e-05
1244  0 0.101043 1 0.00117 2 0.881212 3 0.016575
1245  0 0.010707 1 0.001004 2 0.852094 3 0.136195
1246  0 0.013061 1 0.000979 2 0.842371 3 0.14359
1247  0 0.009546 1 0.001014 2 0.854777 3 0.134663
1248  0 0.999931 1 4e-05 2 2e-05 3 9e-06
1249  0 0.999735 1 4.1e-05 2 0.000215 3 9e-06
1250  0 0.999931 1 4e-05 2 2e-05 3 9e-06
1251  0 0.982029 1 6.4e-05 2 0.017894 3 1.4e-05
1252  0 0.890576 1 0.000182 2 0.109158 3 8.4e-05
1253  0 0.999662 1 4.1e-05 2 0.000288 3 9e-06
1254  0 0.999798 1 4.1e-05 2 0.000152 3 9e-06
1255  0 0.891935 1 0.000181 2 0.107862 3 2.3e-05
1256  0 0.980284 1 6.6e-05 2 0.01964 3 1e-05
1257  0 0.891891 1 0.000181 2 0.107917 3 1.1e-05
1258  0 0.999669 1 4.1e-05 2 0.000281 3 9e-06
1259  0 0.999584 1 4.1e-05 2 0.000366 3 9e-06
1260  0 0.97941 1 6.7e-05 2 0.020513 3 1e-05
1261  0 0.674676 1 0.000463 2 0.324834 3 2.6e-05
1262  0 0.890904 1 0.000182 2 0.108868 3 4.6e-05
1263  0 0.892151 1 0.00018 2 0.107605 3 6.4e-05
1264  0 0.665444 1 0.000475 2 0.333942 3 0.000138
1265  0 0.359103 1 0.000868 2 0.637606 3 0.002423
1266  0 0.350042 1 0.000882 2 0.647459 3 0.001617
1267  0 0.106077 1 0.001134 2 0.864114 3 0.028675
1268  0 0.015312 1 0.000946 2 0.827589 3 0.156154
1269  0 0.340229 1 0.000898 2 0.658434 3 0.000439
1270  0 0.0 1 0.998585 2 0.000931 3 0.000484
1271  0 4e-06 1 0.865126 2 0.0008 3 0.13407
1272  0 1e-06 1 0.970909 2 0.000903 3 0.028187
1273  0 0.0 1 0.99804 2 0.00093 3 0.00103
1274  0 0.0 1 0.997072 2 0.000929 3 0.001999
1275  0 3e-05 1 0.001458 2 0.148586 3 0.849925
1276  0 3.7e-05 1 0.05709 2 0.023 3 0.919873
1277  0 1.2e-05 1 0.616859 2 0.000555 3 0.382574
1278  0 2.5e-05 1 0.255747 2 0.000467 3 0.743761
1279  0 2.5e-05 1 0.256261 2 0.000214 3 0.743501
1280  0 2.5e-05 1 0.254475 2 0.000182 3 0.745319
1281  0 1.3e-05 1 0.605423 2 0.000535 3 0.394029
1282  0 4e-06 1 0.867392 2 0.000805 3 0.131799
1283  0 4e-06 1 0.870007 2 0.000819 3 0.129169
1284  0 4e-06 1 0.870127 2 0.000815 3 0.129053
1285  0 1e-06 1 0.972269 2 0.000904 3 0.026826
1286  0 0.0 1 0.997585 2 0.00093 3 0.001485
1287  0 4e-06 1 0.871498 2 0.00082 3 0.127677
1288  0 1e-06 1 0.971917 2 0.000907 3 0.027175
1289  0 0.0 1 0.997814 2 0.00093 3 0.001256
1290  0 0.0 1 0.998254 2 0.000931 3 0.000815
1291  0 0.0 1 0.997906 2 0.00093 3 0.001164
1292  0 0.999695 1 4.1e-05 2 0.000255 3 9e-06
1293  0 0.979936 1 6.6e-05 2 0.019988 3 1e-05
1294  0 0.689983 1 0.000443 2 0.30944 3 0.000133
1295  0 0.892479 1 0.00018 2 0.107331 3 1.1e-05
1296  0 0.892721 1 0.00018 2 0.107089 3 1.1e-05
1297  0 0.893093 1 0.000179 2 0.106714 3 1.4e-05
1298  0 0.685375 1 0.00045 2 0.3141 3 7.6e-05
1299  0 0.002221 1 0.000143 2 0.471525 3 0.526111
1300  0 0.028391 1 0.000751 2 0.740788 3 0.230071
1301  0 0.028961 1 0.000745 2 0.738244 3 0.23205
1302  0 0.024931 1 0.000793 2 0.759642 3 0.214634
1303  0 0.026683 1 0.00077 2 0.749413 3 0.223134
1304  0 0.00161 1 0.000103 2 0.469438 3 0.528849
1305  0 0.13861 1 0.00103 2 0.799781 3 0.060579
1306  0 0.384637 1 0.000825 2 0.607545 3 0.006993
1307  0 0.385659 1 0.000824 2 0.60621 3 0.007307
1308  0 0.38074 1 0.000832 2 0.612545 3 0.005883
1309  0 0.022852 1 0.000828 2 0.773299 3 0.203021
1310  0 0.132397 1 0.001055 2 0.814232 3 0.052316
1311  0 0.374532 1 0.000843 2 0.619943 3 0.004681
1312  0 0.366233 1 0.000858 2 0.629932 3 0.002976
1313  0 0.00129 1 5.8e-05 2 0.460163 3 0.538489
1314  0 0.020377 1 0.000867 2 0.791672 3 0.187084
1315  0 0.017668 1 0.000908 2 0.811121 3 0.170303
1316  0 0.000724 1 0.000147 2 0.480948 3 0.51818
1317  0 0.120984 1 0.001099 2 0.840382 3 0.037534
1318  0 3e-05 1 0.002504 2 0.152115 3 0.84535
1319  0 3e-05 1 0.004456 2 0.15625 3 0.839263
1320  0 3e-05 1 0.003853 2 0.151944 3 0.844173
1321  0 3.4e-05 1 0.057916 2 0.027132 3 0.914918
1322  0 2.4e-05 1 0.260295 2 0.000416 3 0.739264
1323  0 5.2e-05 1 0.007367 2 0.177622 3 0.814958
1324  0 3e-05 1 0.006678 2 0.174477 3 0.818815
1325  0 2.3e-05 1 0.269781 2 0.001493 3 0.728702
1326  0 2.9e-05 1 0.072387 2 0.041185 3 0.886398
1327  0 2.3e-05 1 0.273513 2 0.002019 3 0.724444
1328  0 3e-05 1 0.006035 2 0.169989 3 0.823946
1329  0 3.6e-05 1 0.005415 2 0.164341 3 0.830209
1330  0 3e-05 1 0.063705 2 0.03407 3 0.902195
1331  0 1.2e-05 1 0.627354 2 0.000565 3 0.372069
1332  0 2.4e-05 1 0.263528 2 0.000703 3 0.735745
1333  0 2.4e-05 1 0.263861 2 0.0008 3 0.735314
1334  0 1.2e-05 1 0.625094 2 0.000555 3 0.374339
1335  0 4e-06 1 0.863887 2 0.000803 3 0.135305
1336  0 4e-06 1 0.868065 2 0.000811 3 0.131119
1337  0 1e-06 1 0.97236 2 0.000909 3 0.026729
1338  0 0.0 1 0.998468 2 0.000931 3 0.000601
1339  0 4e-06 1 0.869794 2 0.000817 3 0.129385
1340  0 5.6e-05 1 0.007436 2 0.178434 3 0.814074
1341  0 2.9e-05 1 0.078264 2 0.045832 3 0.875875
1342  0 1.3e-05 1 0.60899 2 0.000608 3 0.390389
1343  0 2.3e-05 1 0.280452 2 0.003229 3 0.716296
1344  0 2.3e-05 1 0.28135 2 0.003541 3 0.715085
1345  0 2.3e-05 1 0.277527 2 0.002687 3 0.719763
1346  0 1.2e-05 1 0.614385 2 0.000544 3 0.385058
1347  0 0.0 1 0.997889 2 0.00093 3 0.001181
1348  0 0.0 1 0.997752 2 0.00093 3 0.001318
1349  0 0.0 1 0.998357 2 0.000931 3 0.000713
1350  0 0.0 1 0.998057 2 0.00093 3 0.001012
1351  0 1e-06 1 0.968405 2 0.0009 3 0.030693
1352  0 5e-06 1 0.853986 2 0.000785 3 0.145224
1353  0 5e-06 1 0.854881 2 0.000786 3 0.144328
1354  0 5e-06 1 0.853952 2 0.000785 3 0.145258
1355  0 0.0 1 0.99847 2 0.000931 3 0.000599
1356  0 1e-06 1 0.969024 2 0.000902 3 0.030073
1357  0 5e-06 1 0.854582 2 0.000786 3 0.144627
1358  0 5e-06 1 0.857953 2 0.000793 3 0.141249
1359  0 0.0 1 0.998702 2 0.000931 3 0.000367
1360  0 0.0 1 0.998738 2 0.000931 3 0.00033
1361  0 1e-06 1 0.970507 2 0.000906 3 0.028586
1362  0 1e-06 1 0.96916 2 0.000901 3 0.029938
1363  0 0.0 1 0.997714 2 0.00093 3 0.001356
1364  0 1.3e-05 1 0.609298 2 0.000539 3 0.39015
1365  0 5e-06 1 0.856899 2 0.000788 3 0.142309
1366  0 4e-06 1 0.861809 2 0.000794 3 0.137393
1367  0 1.2e-05 1 0.612104 2 0.000549 3 0.387335
1368  0 4e-06 1 0.867852 2 0.0008 3 0.131345
1369  0 0.002239 1 0.000124 2 0.472261 3 0.525376
1370  0 5.7e-05 1 0.007229 2 0.178106 3 0.814609
1371  0 3e-05 1 0.005732 2 0.173214 3 0.821024
1372  0 5.2e-05 1 0.006469 2 0.175846 3 0.817633
1373  0 0.0017 1 7.2e-05 2 0.471648 3 0.52658
1374  0 2.9e-05 1 0.078182 2 0.046884 3 0.874905
1375  0 2.3e-05 1 0.281238 2 0.00374 3 0.714998
1376  0 2.3e-05 1 0.280881 2 0.003866 3 0.71523
1377  0 3.8e-05 1 0.004556 2 0.174753 3 0.820653
1378  0 3.1e-05 1 0.073782 2 0.047548 3 0.878639
1379  0 2.3e-05 1 0.280072 2 0.00416 3 0.715744
1380  0 2.4e-05 1 0.281615 2 0.004806 3 0.713556
1381  0 0.000725 1 4.7e-05 2 0.46193 3 0.537298
1382  0 3.1e-05 1 0.00308 2 0.172971 3 0.823918
1383  0 4.1e-05 1 0.001593 2 0.182506 3 0.81586
1384  0 3.8e-05 1 0.002158 2 0.175331 3 0.822473
1385  0 0.000297 1 8e-06 2 0.445901 3 0.553794
1386  0 3.5e-05 1 0.064284 2 0.048268 3 0.887413
1387  0 2.4e-05 1 0.278098 2 0.004851 3 0.717027
1388  0 0.999744 1 4.1e-05 2 0.000206 3 9e-06
1389  0 0.99993 1 4e-05 2 2e-05 3 9e-06
1390  0 0.999885 1 4e-05 2 6.6e-05 3 9e-06
1391  0 0.980338 1 6.6e-05 2 0.019587 3 1e-05
1392  0 0.893647 1 0.000179 2 0.106164 3 1.1e-05
1393  0 0.999639 1 4.1e-05 2 0.000311 3 9e-06
1394  0 0.999813 1 4.1e-05 2 0.000137 3 9e-06
1395  0 0.903118 1 0.000166 2 0.096705 3 1e-05
1396  0 0.985775 1 5.9e-05 2 0.014156 3 1e-05
1397  0 0.911203 1 0.000156 2 0.088602 3 3.8e-05
1398  0 0.999914 1 4e-05 2 3.7e-05 3 9e-06
1399  0 0.999866 1 4e-05 2 8.4e-05 3 9e-06
1400  0 0.982845 1 6.3e-05 2 0.017082 3 1e-05
1401  0 0.700792 1 0.000431 2 0.298632 3 0.000146
1402  0 0.899684 1 0.000171 2 0.100136 3 1e-05
1403  0 0.896174 1 0.000175 2 0.103629 3 2.2e-05
1404  0 0.692177 1 0.00044 2 0.307261 3 0.000121
1405  0 0.382358 1 0.000836 2 0.60976 3 0.007046
1406  0 0.384966 1 0.000828 2 0.606889 3 0.007317
1407  0 0.138958 1 0.001026 2 0.796183 3 0.063833
1408  0 0.02832 1 0.000745 2 0.738559 3 0.232375
1409  0 0.38553 1 0.000825 2 0.606265 3 0.007381
1410  0 0.026913 1 0.000759 2 0.740701 3 0.231627
1411  0 0.379571 1 0.000844 2 0.612607 3 0.006979
1412  0 0.129549 1 0.001055 2 0.806378 3 0.063017
1413  0 0.024237 1 0.00079 2 0.745234 3 0.229738
1414  0 0.019622 1 0.000835 2 0.751957 3 0.227586
1415  0 0.99984 1 4e-05 2 0.00011 3 9e-06
1416  0 0.989767 1 5.4e-05 2 0.01017 3 1e-05
1417  0 0.718787 1 0.000408 2 0.279496 3 0.001309
1418  0 0.915378 1 0.00015 2 0.084402 3 7e-05
1419  0 0.913924 1 0.000152 2 0.085877 3 4.7e-05
1420  0 0.916519 1 0.000149 2 0.083289 3 4.3e-05
1421  0 0.708944 1 0.000421 2 0.289977 3 0.000658
1422  0 0.372517 1 0.000858 2 0.620168 3 0.006457
1423  0 0.348474 1 0.000894 2 0.644596 3 0.006036
1424  0 0.36182 1 0.000875 2 0.631326 3 0.005978
1425  0 0.11232 1 0.001099 2 0.824004 3 0.062577
1426  0 0.016902 1 0.000864 2 0.754542 3 0.227692
1427  0 0.336281 1 0.000911 2 0.656614 3 0.006194
1428  0 0.086466 1 0.001143 2 0.850866 3 0.061525
1429  0 0.012224 1 0.00088 2 0.756573 3 0.230324
1430  0 0.009288 1 0.000866 2 0.75665 3 0.233195
1431  0 0.014641 1 0.00089 2 0.7575 3 0.226968
1432  0 0.99993 1 4e-05 2 2e-05 3 9e-06
1433  0 0.999635 1 4.1e-05 2 0.000315 3 9e-06
1434  0 0.99993 1 4e-05 2 2e-05 3 9e-06
1435  0 0.992221 1 5e-05 2 0.00772 3 8e-06
1436  0 0.916959 1 0.000148 2 0.082858 3 3.5e-05
1437  0 0.999315 1 4.1e-05 2 0.000635 3 9e-06
1438  0 0.999498 1 4.1e-05 2 0.000451 3 9e-06
1439  0 0.895453 1 0.000176 2 0.104361 3 1.1e-05
1440  0 0.983752 1 6.1e-05 2 0.016177 3 1e-05
1441  0 0.889868 1 0.000184 2 0.109934 3 1.5e-05
1442  0 0.99984 1 4e-05 2 0.00011 3 9e-06
1443  0 0.999918 1 4e-05 2 3.3e-05 3 9e-06
1444  0 0.989304 1 5.4e-05 2 0.010633 3 9e-06
1445  0 0.676867 1 0.000464 2 0.322628 3 4.2e-05
1446  0 0.909426 1 0.000158 2 0.090405 3 1e-05
1447  0 0.915719 1 0.00015 2 0.084111 3 2e-05
1448  0 0.703679 1 0.000429 2 0.295264 3 0.000629
1449  0 0.31252 1 0.00094 2 0.681215 3 0.005325
1450  0 0.319207 1 0.000932 2 0.674147 3 0.005714
1451  0 0.074912 1 0.00117 2 0.868085 3 0.055833
1452  0 0.007515 1 0.000862 2 0.760142 3 0.23148
1453  0 0.32611 1 0.000924 2 0.666497 3 0.00647
1454  0 0.0 1 0.99761 2 0.00093 3 0.00146
1455  0 4e-06 1 0.874546 2 0.000806 3 0.124644
1456  0 1e-06 1 0.9741 2 0.000906 3 0.024994
1457  0 0.0 1 0.997809 2 0.00093 3 0.001261
1458  0 0.0 1 0.998984 2 0.000931 3 8.5e-05
1459  0 3e-05 1 0.001515 2 0.190584 3 0.807871
1460  0 3.5e-05 1 0.059814 2 0.051918 3 0.888234
1461  0 1.2e-05 1 0.621995 2 0.000591 3 0.377402
1462  0 2.4e-05 1 0.27475 2 0.006885 3 0.718341
1463  0 2.3e-05 1 0.26951 2 0.007592 3 0.722875
1464  0 2.4e-05 1 0.276348 2 0.005732 3 0.717896
1465  0 1.2e-05 1 0.616915 2 0.000566 3 0.382507
1466  0 4e-06 1 0.884017 2 0.000816 3 0.115163
1467  0 3e-06 1 0.894593 2 0.000826 3 0.104578
1468  0 4e-06 1 0.889323 2 0.000823 3 0.109851
1469  0 1e-06 1 0.980776 2 0.000913 3 0.018311
1470  0 0.0 1 0.998714 2 0.000931 3 0.000355
1471  0 3e-06 1 0.895586 2 0.000828 3 0.103583
1472  0 0.0 1 0.988347 2 0.000928 3 0.010725
1473  0 0.0 1 0.998883 2 0.000931 3 0.000186
1474  0 0.0 1 0.998507 2 0.000931 3 0.000562
1475  0 0.0 1 0.998984 2 0.000931 3 8.5e-05
1476  0 0.982244 1 6.3e-05 2 0.017684 3 1e-05
1477  0 0.64311 1 0.000504 2 0.356161 3 0.000224
1478  0 0.881833 1 0.000194 2 0.117955 3 1.9e-05
1479  0 0.88636 1 0.000188 2 0.113423 3 2.9e-05
1480  0 0.656932 1 0.000488 2 0.342462 3 0.000118
1481  0 0.000206 1 0.00029 2 0.562939 3 0.436565
1482  0 0.006495 1 0.000862 2 0.797193 3 0.195449
1483  0 0.005958 1 0.000867 2 0.789646 3 0.203529
1484  0 0.006323 1 0.000867 2 0.794662 3 0.198148
1485  0 2.6e-05 1 0.000248 2 0.545483 3 0.454243
1486  0 0.080942 1 0.001128 2 0.865084 3 0.052846
1487  0 0.3002 1 0.000949 2 0.694351 3 0.004499
1488  0 0.300166 1 0.000951 2 0.69431 3 0.004574
1489  0 0.005858 1 0.000875 2 0.783869 3 0.209399
1490  0 0.076334 1 0.001147 2 0.869403 3 0.053115
1491  0 0.300354 1 0.000953 2 0.694189 3 0.004503
1492  0 0.30526 1 0.000948 2 0.689064 3 0.004727
1493  0 9.5e-05 1 0.000158 2 0.508289 3 0.491457
1494  0 0.00644 1 0.000874 2 0.776075 3 0.216612
1495  0 0.006258 1 0.000872 2 0.770151 3 0.222719
1496  0 6.8e-05 1 4e-05 2 0.459067 3 0.540825
1497  0 0.074251 1 0.001158 2 0.868972 3 0.055619
1498  0 3e-05 1 0.000821 2 0.20081 3 0.798338
1499  0 3e-05 1 0.000421 2 0.224412 3 0.775137
1500  0 3e-05 1 0.000814 2 0.212259 3 0.786897
1501  0 3e-05 1 0.053952 2 0.059103 3 0.886915
1502  0 2.4e-05 1 0.26525 2 0.008534 3 0.726192
1503  0 3.3e-05 1 0.004828 2 0.279088 3 0.716051
1504  0 2.9e-05 1 0.004337 2 0.275431 3 0.720204
1505  0 2.4e-05 1 0.260863 2 0.01264 3 0.726473
1506  0 2.9e-05 1 0.060166 2 0.079274 3 0.86053
1507  0 2.4e-05 1 0.264461 2 0.014192 3 0.721323
1508  0 2.9e-05 1 0.002328 2 0.262869 3 0.734774
1509  0 2.9e-05 1 0.000918 2 0.245472 3 0.753581
1510  0 3e-05 1 0.05539 2 0.068767 3 0.875813
1511  0 1.3e-05 1 0.608554 2 0.000766 3 0.390668
1512  0 2.4e-05 1 0.259715 2 0.011417 3 0.728844
1513  0 2.4e-05 1 0.264057 2 0.010324 3 0.725595
1514  0 1.2e-05 1 0.618757 2 0.000764 3 0.380467
1515  0 4e-06 1 0.879401 2 0.000817 3 0.119778
1516  0 4e-06 1 0.885512 2 0.000817 3 0.113668
1517  0 0.0 1 0.991867 2 0.000941 3 0.007191
1518  0 0.0 1 0.998303 2 0.000931 3 0.000766
1519  0 3e-06 1 0.890779 2 0.000822 3 0.108395
1520  0 2.9e-05 1 0.062553 2 0.086481 3 0.850936
1521  0 1.3e-05 1 0.597332 2 0.001161 3 0.401494
1522  0 2.3e-05 1 0.26439 2 0.016159 3 0.719428
1523  0 2.3e-05 1 0.265051 2 0.016273 3 0.718653
1524  0 1.3e-05 1 0.602824 2 0.000947 3 0.396217
1525  0 0.0 1 0.998526 2 0.000931 3 0.000543
1526  0 0.0 1 0.999032 2 0.000932 3 3.6e-05
1527  0 0.0 1 0.998761 2 0.000932 3 0.000307
1528  0 1e-06 1 0.979611 2 0.000913 3 0.019475
1529  0 4e-06 1 0.86181 2 0.0008 3 0.137386
1530  0 4e-06 1 0.864018 2 0.000795 3 0.135182
1531  0 0.0 1 0.998984 2 0.000931 3 8.5e-05
1532  0 1e-06 1 0.982129 2 0.000926 3 0.016945
1533  0 4e-06 1 0.865167 2 0.000796 3 0.134032
1534  0 4e-06 1 0.865769 2 0.0008 3 0.133427
1535  0 0.0 1 0.998703 2 0.000931 3 0.000366
1536  0 0.0 1 0.998526 2 0.000931 3 0.000543
1537  0 0.0 1 0.988851 2 0.000941 3 0.010207
#####################################################
